,date,open,high,close,low,volume,price_change,p_change,ma5,ma10,ma20,v_ma5,v_ma10,v_ma20,turnover
2014-07-02,12.35,12.51,12.47,12.15,81615.27,-0.18,-1.42,12.47,12.47,12.47,81615.27,81615.27,81615.27,9.13
2014-07-03,13.09,13.5,12.74,12.67,87356.06,0.27,2.17,12.605,12.605,12.605,84485.67,84485.67,84485.67,9.77
2014-07-04,12.65,12.87,12.57,12.35,51981.46,-0.17,-1.33,12.593,12.593,12.593,73650.93,73650.93,73650.93,5.81
2014-07-07,12.45,12.68,12.34,12.15,42076.74,-0.23,-1.83,12.53,12.53,12.53,65757.38,65757.38,65757.38,4.71
2014-07-08,12.36,12.69,12.69,12.26,36885.81,0.35,2.84,12.562,12.562,12.562,59983.07,59983.07,59983.07,4.13
2014-07-09,12.6,13.28,12.64,12.5,50849.72,-0.05,-0.39,12.596,12.575,12.575,53829.96,58460.84,58460.84,5.69
2014-07-10,12.55,12.95,12.65,12.48,35699.19,0.01,0.08,12.578,12.586,12.586,43498.58,55209.18,55209.18,3.99
2014-07-11,12.76,12.95,12.86,12.68,33893.48,0.21,1.66,12.636,12.62,12.62,39880.99,52544.72,52544.72,3.79
2014-07-14,12.97,13.26,13.16,12.8,34562.94,0.3,2.33,12.8,12.68,12.68,38378.23,50546.74,50546.74,3.87
2014-07-15,13.0,13.1,12.88,12.82,29843.25,-0.28,-2.13,12.838,12.7,12.7,36969.72,48476.39,48476.39,3.34
2014-07-16,12.85,13.12,12.77,12.73,27284.94,-0.11,-0.85,12.864,12.73,12.706,32256.76,43043.36,46549.9,3.05
2014-07-17,12.77,12.99,12.82,12.53,26452.27,0.05,0.39,12.898,12.738,12.716,30407.38,36952.98,44875.09,2.96
2014-07-18,12.82,12.82,12.54,12.51,18799.85,-0.28,-2.18,12.834,12.735,12.702,27388.65,33634.82,42869.31,2.1
2014-07-21,12.54,12.58,12.14,12.0,19194.0,-0.4,-3.19,12.63,12.715,12.662,24314.86,31346.55,41178.21,2.15
2014-07-22,12.51,13.14,12.96,12.48,51139.53,0.82,6.75,12.646,12.742,12.682,28574.12,32771.92,41842.3,5.72
2014-07-23,12.8,13.39,13.0,12.71,52985.47,0.04,0.31,12.692,12.778,12.702,33714.22,32985.49,42538.75,5.93
2014-07-24,12.92,13.17,13.17,12.65,45272.95,0.17,1.31,12.762,12.83,12.729,37478.36,33942.87,42699.58,5.06
2014-07-25,13.24,14.49,14.49,13.18,110372.6,1.32,10.02,13.152,12.993,12.827,55792.91,41590.78,46459.2,12.35
2014-07-28,15.6,15.94,15.94,15.28,93911.75,1.45,10.01,13.912,13.271,12.991,70736.46,47525.66,48956.7,10.5
2014-07-29,17.53,17.53,17.53,16.8,262560.56,1.59,9.97,14.826,13.736,13.218,113020.67,70797.39,59636.89,29.37
2014-07-30,16.7,18.87,18.45,16.66,301503.78,0.92,5.25,15.916,14.304,13.517,162724.33,98219.28,70631.32,33.73
2014-07-31,18.38,18.85,18.13,17.81,186105.66,-0.32,-1.73,16.908,14.835,13.787,190890.87,114184.62,75568.8,20.82
2014-08-01,17.8,18.27,18.1,17.18,155577.47,-0.03,-0.17,17.63,15.391,14.063,199931.84,127862.38,80748.6,17.4
2014-08-04,17.62,18.55,18.42,17.55,160507.31,0.32,1.77,18.126,16.019,14.367,213250.96,141993.71,86670.13,17.95
2014-08-05,18.8,18.95,17.78,17.59,145107.73,-0.64,-3.47,18.176,16.501,14.622,189760.39,151390.53,92081.22,16.23
2014-08-06,17.11,18.1,17.55,17.02,104583.96,-0.23,-1.29,17.996,16.956,14.867,150376.43,156550.38,94767.93,11.7
2014-08-07,17.51,17.51,16.8,16.77,94226.91,-0.75,-4.27,17.73,17.319,15.075,132000.68,161445.77,97694.32,10.54
2014-08-08,16.79,17.1,16.8,16.64,63077.51,0.0,0.0,17.47,17.55,15.272,113500.68,156716.26,99153.52,7.06
2014-08-11,16.6,17.18,17.03,16.49,61834.28,0.23,1.37,17.192,17.659,15.465,93766.08,153508.52,100517.09,6.92
2014-08-12,17.0,17.0,16.75,16.53,86323.79,-0.28,-1.64,16.986,17.581,15.659,82009.29,135884.84,103341.12,9.66
2014-08-13,16.74,17.3,17.3,16.55,107079.39,0.55,3.28,16.936,17.466,15.885,82508.38,116442.4,107330.84,11.98
2014-08-14,17.01,17.09,16.52,16.51,91543.55,-0.78,-4.51,16.88,17.305,16.07,81971.7,106986.19,110585.4,10.24
2014-08-15,16.41,16.88,16.72,16.25,59018.16,0.2,1.21,16.864,17.167,16.279,81159.83,97330.26,112596.32,6.6
2014-08-18,16.61,17.18,17.15,16.6,71865.71,0.43,2.57,16.888,17.04,16.53,83166.12,88466.1,115229.9,8.04
2014-08-19,17.2,17.26,17.05,16.71,59443.69,-0.1,-0.58,16.948,16.967,16.734,77790.1,79899.7,115645.11,6.65
2014-08-20,17.06,17.06,16.58,16.55,50915.7,-0.47,-2.76,16.804,16.87,16.913,66557.36,74532.87,115541.62,5.7
2014-08-21,16.7,17.08,16.73,16.61,57264.61,0.15,0.91,16.846,16.863,17.091,59701.57,70836.64,116141.21,6.41
2014-08-22,16.6,16.6,16.26,16.06,56954.78,-0.47,-2.81,16.754,16.809,17.18,59288.9,70224.37,113470.31,6.37
2014-08-25,16.26,16.32,16.12,15.95,39438.85,-0.14,-0.86,16.548,16.718,17.189,52803.53,67984.82,110746.67,4.41
2014-08-26,16.11,16.42,16.34,16.03,42270.21,0.22,1.36,16.406,16.677,17.129,49368.83,63579.47,99732.15,4.73
2014-08-27,16.11,16.32,16.12,16.04,22090.47,-0.22,-1.35,16.314,16.559,17.013,43603.78,55080.57,85761.49,2.47
2014-08-28,16.14,16.14,15.36,15.33,39204.59,-0.76,-4.71,16.04,16.443,16.874,39991.78,49846.68,78416.43,4.39
2014-08-29,15.36,15.55,15.49,15.31,20908.2,0.13,0.85,15.886,16.32,16.744,32782.46,46035.68,71682.97,2.34
2014-09-01,15.55,15.73,15.67,15.5,23088.63,0.18,1.16,15.796,16.172,16.606,29512.42,41157.97,64812.04,2.58
2014-09-02,15.68,16.19,16.17,15.68,42198.44,0.5,3.19,15.762,16.084,16.526,29498.07,39433.45,59666.57,4.72
2014-09-03,16.15,16.27,16.16,16.01,37330.64,-0.01,-0.06,15.77,16.042,16.456,32546.1,38074.94,56303.91,4.18
2014-09-04,16.14,16.35,16.31,16.05,39877.52,0.15,0.93,15.96,16.0,16.432,32680.69,36336.23,53586.44,4.46
2014-09-05,16.45,16.83,16.67,16.4,62572.64,0.36,2.21,16.196,16.041,16.425,41013.57,36898.02,53561.19,7.0
2014-09-09,16.5,16.67,16.33,16.25,38642.66,-0.34,-2.04,16.328,16.062,16.39,44124.38,36818.4,52401.61,4.32
2014-09-10,16.0,16.0,15.75,15.68,64282.03,-0.58,-3.55,16.244,16.003,16.34,48541.1,39019.58,51299.52,7.19
2014-09-11,15.7,16.29,16.24,15.61,59655.79,0.49,3.11,16.26,16.015,16.287,53006.13,42776.11,48928.34,6.67
2014-09-12,16.02,16.19,16.1,15.91,36198.86,-0.14,-0.86,16.218,16.089,16.266,52270.4,42475.54,46161.11,4.05
2014-09-15,16.1,16.25,16.19,15.82,41070.89,0.09,0.56,16.122,16.159,16.24,47970.05,44491.81,45263.75,4.59
2014-09-16,16.08,16.6,15.92,15.91,78238.62,-0.27,-1.67,16.04,16.184,16.178,55889.24,50006.81,45582.39,8.75
2014-09-17,15.8,16.06,16.02,15.48,31006.63,0.1,0.63,16.094,16.169,16.127,49234.16,48887.63,44160.54,3.47
2014-09-18,16.0,16.18,15.96,15.78,22623.9,-0.06,-0.38,16.038,16.149,16.096,41827.78,47416.95,42745.95,2.53
2014-09-19,16.0,16.47,16.34,15.91,39936.48,0.38,2.38,16.086,16.152,16.076,42575.3,47422.85,41879.54,4.47
2014-09-22,16.25,16.25,15.96,15.89,27414.36,-0.38,-2.33,16.04,16.081,16.061,39844.0,43907.02,40402.52,3.07
2014-09-23,15.95,16.3,16.3,15.8,32054.5,0.34,2.13,16.116,16.078,16.07,30607.17,43248.21,40033.3,3.59
2014-09-24,16.33,16.8,16.73,16.28,63911.89,0.43,2.64,16.258,16.176,16.09,37188.23,43211.19,41115.39,7.15
2014-09-25,16.73,16.74,16.47,16.38,54292.01,-0.26,-1.55,16.36,16.199,16.107,43521.85,42674.81,42725.46,6.07
2014-09-26,16.45,16.66,16.49,16.4,32136.82,0.02,0.12,16.39,16.238,16.164,41961.92,42268.61,42372.08,3.59
2014-09-29,16.52,16.8,16.73,16.5,43850.8,0.24,1.46,16.544,16.292,16.226,45249.2,42546.6,43519.21,4.91
2014-09-30,16.7,17.29,16.9,16.7,52705.55,0.17,1.02,16.664,16.39,16.287,49379.41,39993.29,45000.05,5.9
2014-10-08,17.02,17.06,16.7,16.51,40320.99,-0.2,-1.18,16.658,16.458,16.314,44661.23,40924.73,44906.18,4.51
2014-10-09,16.72,16.93,16.92,16.57,45621.63,0.22,1.32,16.748,16.554,16.352,42927.16,43224.5,45320.73,5.1
2014-10-10,16.86,16.86,16.49,16.41,42576.67,-0.43,-2.54,16.748,16.569,16.361,45015.13,43488.52,45455.69,4.76
2014-10-13,16.48,16.48,16.31,16.05,26129.07,-0.18,-1.09,16.664,16.604,16.343,41470.78,43359.99,43633.51,2.92
2014-10-14,16.3,16.49,16.28,16.17,22126.12,-0.03,-0.18,16.54,16.602,16.34,35354.9,42367.16,42807.68,2.47
2014-10-15,16.23,16.39,16.3,16.09,23172.61,0.02,0.12,16.46,16.559,16.368,31925.22,38293.23,40752.21,2.59
2014-10-16,16.26,16.27,15.66,15.66,33836.58,-0.64,-3.93,16.208,16.478,16.339,29568.21,36247.68,39461.25,3.78
2014-10-17,15.6,15.6,15.2,15.0,34206.83,-0.46,-2.94,15.95,16.349,16.294,27894.24,36454.69,39361.65,3.83
2014-10-20,15.23,15.34,15.29,15.18,19581.64,0.09,0.59,15.746,16.205,16.249,26584.76,34027.77,38287.19,2.19
2014-10-21,15.3,15.34,15.05,15.01,18685.14,-0.24,-1.57,15.5,16.02,16.205,25896.56,30625.73,35309.51,2.09
2014-10-22,15.05,15.27,15.15,15.05,14194.28,0.1,0.66,15.27,15.865,16.162,24100.89,28013.06,34468.89,1.59
2014-10-23,15.19,15.19,14.85,14.58,26577.15,-0.3,-1.98,15.108,15.658,16.106,22649.01,26108.61,34666.56,2.97
2014-10-24,14.85,14.99,14.99,14.65,13158.24,0.14,0.94,15.066,15.508,16.039,18439.29,23166.77,33327.64,1.47
2014-10-27,14.88,14.93,14.92,14.7,9207.78,-0.07,-0.47,14.992,15.369,15.987,16364.52,21474.64,32417.31,1.03
2014-10-28,14.92,15.24,15.23,14.88,16458.88,0.31,2.08,15.028,15.264,15.933,15919.27,20907.91,31637.53,1.84
2014-10-29,15.28,15.38,15.3,15.15,23845.82,0.07,0.46,15.058,15.164,15.862,17849.57,20975.23,29634.23,2.67
2014-10-30,15.3,15.48,15.38,15.21,25535.01,0.08,0.52,15.164,15.136,15.807,17641.15,20145.08,28196.38,2.86
2014-10-31,15.3,15.41,15.37,15.08,26250.35,-0.01,-0.07,15.24,15.153,15.751,20259.57,19349.43,27902.06,2.94
2014-11-03,15.22,15.53,15.35,15.22,29339.2,-0.02,-0.13,15.326,15.159,15.682,24285.85,20325.18,27176.48,3.28
2014-11-04,15.28,15.48,15.39,15.09,29050.74,0.04,0.26,15.358,15.193,15.607,26804.22,21361.75,25993.74,3.25
2014-11-05,15.39,15.39,15.35,15.19,19033.77,-0.04,-0.26,15.368,15.213,15.539,25841.81,21845.69,24929.38,2.13
2014-11-06,15.3,16.21,15.98,15.08,45757.16,0.63,4.1,15.488,15.326,15.492,29886.24,23763.7,24936.15,5.12
2014-11-07,15.9,15.9,15.44,15.36,56209.88,-0.54,-3.38,15.502,15.371,15.44,35878.15,28068.86,25617.81,6.29
2014-11-10,15.44,15.47,15.39,15.06,31830.3,-0.05,-0.32,15.51,15.418,15.394,36376.37,30331.11,25902.87,0.69
2014-11-11,15.19,15.36,15.25,14.58,29600.72,-0.14,-0.91,15.482,15.42,15.342,36486.37,31645.3,26276.6,0.64
2014-11-12,14.7,15.46,15.45,14.7,29103.41,0.2,1.31,15.502,15.435,15.3,38500.29,32171.05,26573.14,0.63
2014-11-13,15.45,15.89,15.75,15.12,50279.04,0.3,1.94,15.456,15.472,15.304,39404.67,34645.46,27395.27,1.09
2014-11-14,15.6,15.85,15.54,15.2,34641.57,-0.21,-1.33,15.476,15.489,15.321,35091.01,35484.58,27417.0,0.75
2014-11-17,15.59,15.65,15.55,15.35,18528.08,0.01,0.06,15.508,15.509,15.334,32430.56,34403.47,27364.33,0.4
2014-11-18,15.46,15.57,15.23,15.12,22888.95,-0.32,-2.06,15.504,15.493,15.343,31088.21,33787.29,27574.52,0.5
2014-11-19,15.25,15.25,15.04,15.0,21136.62,-0.19,-1.25,15.422,15.462,15.338,29494.85,33997.57,27921.63,0.46
2014-11-20,15.03,15.25,15.01,14.91,15852.79,-0.03,-0.2,15.274,15.365,15.346,22609.6,31007.14,27385.42,0.34
2014-11-21,15.06,15.18,15.12,15.02,16720.96,0.11,0.73,15.19,15.333,15.352,19025.48,27058.24,27563.55,0.36
2014-11-24,15.32,15.61,15.36,15.15,39726.31,0.24,1.59,15.152,15.33,15.374,23265.13,27847.85,29089.48,0.86
2014-11-25,15.33,15.86,15.83,15.26,67369.46,0.47,3.06,15.272,15.388,15.404,32161.23,31624.72,31635.01,1.46
2014-11-26,15.81,15.81,15.54,15.29,72448.42,-0.29,-1.83,15.372,15.397,15.416,42423.59,35959.22,34065.14,1.58
2014-11-27,15.52,15.54,15.41,15.19,55297.06,-0.13,-0.84,15.452,15.363,15.418,50312.44,36461.02,35553.24,1.2
2014-11-28,15.35,15.45,15.15,14.98,51931.7,-0.26,-1.69,15.458,15.324,15.407,57354.59,38190.04,36837.31,1.13
2014-12-01,15.0,15.3,15.28,14.97,38219.32,0.13,0.86,15.442,15.297,15.403,57053.19,40159.16,37281.31,0.83
2014-12-02,15.49,15.68,15.36,15.32,45974.67,0.08,0.52,15.348,15.31,15.402,52774.23,42467.73,38127.51,1.0
2014-12-03,15.4,16.81,16.23,15.1,146783.02,0.87,5.66,15.486,15.429,15.446,67641.15,55032.37,44514.97,3.19
2014-12-04,16.24,16.28,16.05,15.81,191932.84,-0.18,-1.11,15.614,15.533,15.449,94968.31,72640.38,51823.76,4.17
2014-12-05,16.06,16.15,15.27,14.45,140856.84,-0.78,-4.86,15.638,15.548,15.441,112753.34,85053.96,56056.1,3.06
2014-12-08,15.07,15.29,15.12,14.8,65464.24,-0.15,-0.98,15.606,15.524,15.427,118202.32,87627.76,57737.8,1.42
2014-12-09,15.0,15.34,14.31,14.31,81277.78,-0.81,-5.36,15.396,15.372,15.38,125262.94,89018.59,60321.65,1.77
2014-12-10,14.34,14.97,14.93,14.3,73166.62,0.62,4.33,15.136,15.311,15.354,110539.66,89090.41,62524.81,1.59
2014-12-11,14.91,15.24,15.17,14.71,55461.12,0.24,1.61,14.96,15.287,15.325,83245.32,89106.81,62783.92,1.21
2014-12-12,15.2,15.37,15.27,15.17,43040.73,0.1,0.66,14.96,15.299,15.312,63682.1,88217.72,63203.88,0.94
2014-12-15,15.25,15.25,15.02,14.65,57360.94,-0.25,-1.64,14.94,15.273,15.285,62061.44,90131.88,65145.52,1.25
2014-12-16,15.03,15.15,15.07,14.95,41381.28,0.05,0.33,15.092,15.244,15.277,54082.14,89672.54,66070.14,0.9
2014-12-17,15.0,15.0,14.51,14.35,71109.17,-0.56,-3.72,15.008,15.072,15.251,53670.65,82105.16,68568.76,1.55
2014-12-18,14.47,14.73,14.44,14.15,48459.34,-0.07,-0.48,14.862,14.911,15.222,52270.29,67757.81,70199.09,1.05
2014-12-19,14.4,14.4,13.84,13.68,66585.33,-0.6,-4.16,14.576,14.768,15.158,56979.21,60330.65,72692.31,1.45
2014-12-22,13.87,13.87,13.18,12.83,59618.05,-0.66,-4.77,14.208,14.574,15.049,57430.63,59746.04,73686.9,1.3
2014-12-23,13.0,14.1,14.02,12.63,102183.39,0.84,6.37,13.998,14.545,14.959,69591.06,61836.6,75427.59,2.22
2014-12-24,14.0,14.29,13.0,12.89,178612.45,-1.02,-7.28,13.696,14.352,14.832,91091.71,72381.18,80735.79,3.88
2014-12-25,13.01,13.09,12.68,12.44,152329.0,-0.32,-2.46,13.344,14.103,14.695,111865.64,82067.97,85587.39,3.31
2014-12-26,12.6,12.75,12.7,12.55,57709.48,0.02,0.16,13.116,13.846,14.573,110090.47,83534.84,85876.28,1.25
2014-12-29,12.68,12.68,12.32,12.22,59747.06,-0.38,-2.99,12.944,13.576,14.425,110116.28,83773.46,86952.67,1.3
2014-12-30,12.29,12.51,12.36,12.06,53985.84,0.04,0.33,12.612,13.305,14.275,100476.77,85033.91,87353.23,1.17
2014-12-31,12.58,12.58,12.26,12.0,54886.66,-0.1,-0.81,12.464,13.08,14.076,75731.61,83411.66,82758.41,1.27
2015-01-05,12.2,13.11,13.07,12.08,108528.13,0.81,6.61,12.542,12.943,13.927,66971.43,89418.54,78588.17,2.51
2015-01-06,12.9,12.99,12.88,12.65,65022.15,-0.19,-1.45,12.578,12.847,13.808,68433.97,89262.22,74796.44,1.51
2015-01-07,12.99,13.49,13.19,12.88,79390.72,0.31,2.41,12.752,12.848,13.711,72362.7,91239.49,75492.76,1.84
2015-01-08,13.1,13.27,12.98,12.88,48905.52,-0.21,-1.59,12.876,12.744,13.645,71346.64,85911.7,73874.15,1.13
2015-01-09,12.95,13.1,12.78,12.77,30607.48,-0.2,-1.54,12.98,12.722,13.537,66490.8,71111.2,71746.19,0.71
2015-01-12,12.7,12.77,12.49,12.42,25433.42,-0.29,-2.27,12.864,12.703,13.403,49871.86,58421.65,70244.81,0.59
2015-01-13,12.42,12.8,12.73,12.42,23454.48,0.24,1.92,12.834,12.706,13.276,41558.32,54996.15,69265.49,0.54
2015-01-14,12.72,12.77,12.51,12.32,26808.6,-0.22,-1.73,12.698,12.725,13.151,31041.9,51702.3,67737.88,0.62
2015-01-15,12.51,13.22,12.97,12.5,64878.47,0.46,3.68,12.696,12.786,13.046,34236.49,52791.56,68912.74,1.5
2015-01-16,13.15,13.38,13.06,12.95,46955.07,0.09,0.69,12.752,12.866,12.973,37506.01,51998.4,67705.03,1.09
2015-01-19,12.98,13.27,12.68,12.46,57586.07,-0.38,-2.91,12.79,12.827,12.885,43936.54,46904.2,68161.37,1.33
2015-01-20,12.68,13.22,13.17,12.65,60932.38,0.49,3.86,12.878,12.856,12.852,51432.12,46495.22,67878.72,1.41
2015-01-21,13.29,14.12,13.93,13.22,113340.75,0.76,5.77,13.162,12.93,12.889,68738.55,49890.22,70564.86,2.63
2015-01-22,13.95,14.65,14.39,13.7,158080.7,0.46,3.3,13.446,13.071,12.908,87378.99,60807.74,73359.72,3.66
2015-01-23,14.35,14.84,14.08,14.0,106939.37,-0.31,-2.15,13.65,13.201,12.962,99375.85,68440.93,69776.07,2.48
2015-01-26,14.0,14.35,14.34,13.88,48271.08,0.26,1.85,13.982,13.386,13.045,97512.86,70724.7,64573.17,1.12
2015-01-27,14.15,14.34,14.19,13.92,39200.91,-0.15,-1.05,14.186,13.532,13.119,93166.56,72299.34,63647.74,0.91
2015-01-28,14.1,14.3,14.24,14.0,31317.19,0.05,0.35,14.248,13.705,13.215,76761.85,72750.2,62226.25,0.73
2015-01-29,14.14,14.2,13.74,13.7,43552.74,-0.5,-3.51,14.118,13.782,13.284,53856.26,70617.63,61704.59,1.01
2015-01-30,13.5,13.76,13.57,13.5,33526.63,-0.17,-1.24,14.016,13.833,13.35,39173.71,69274.78,60636.59,0.78
2015-02-02,13.5,13.9,13.8,13.4,37510.75,0.23,1.7,13.908,13.945,13.386,37021.64,67267.25,57085.72,0.87
2015-02-03,13.79,14.0,13.76,13.71,28867.88,-0.04,-0.29,13.822,14.004,13.43,34955.04,64060.8,55278.01,0.67
2015-02-04,13.8,14.01,13.76,13.72,28910.41,0.0,0.0,13.726,13.987,13.459,34473.68,55617.77,52754.0,0.67
2015-02-05,13.91,13.99,13.52,13.5,34269.23,-0.24,-1.74,13.682,13.9,13.486,32616.98,43236.62,52022.18,0.79
2015-02-06,13.3,13.47,13.3,13.2,31525.98,-0.22,-1.63,13.628,13.822,13.512,32216.85,35695.28,52068.11,0.73
2015-02-09,13.27,13.44,13.28,13.03,33239.92,-0.02,-0.15,13.524,13.716,13.551,31362.68,34192.16,52458.43,0.77
2015-02-10,13.25,13.45,13.44,13.18,27845.58,0.16,1.21,13.46,13.641,13.587,31158.22,33056.63,52677.99,0.64
2015-02-11,13.45,13.54,13.37,13.3,21737.7,-0.07,-0.52,13.382,13.554,13.63,29723.68,32098.68,52424.44,0.5
2015-02-12,13.33,13.41,13.28,13.09,38425.63,-0.09,-0.67,13.334,13.508,13.645,30554.96,31585.97,51101.8,0.89
2015-02-13,13.34,13.77,13.74,13.29,57222.04,0.46,3.46,13.422,13.525,13.679,35694.17,33955.51,51615.15,1.33
2015-02-16,13.8,14.05,13.93,13.72,39426.0,0.19,1.38,13.552,13.538,13.742,36931.39,34147.04,50707.14,0.91
2015-02-17,13.94,14.23,14.16,13.81,35788.6,0.23,1.65,13.696,13.578,13.791,38519.99,34839.11,49449.95,0.83
2015-02-24,14.09,14.5,14.1,14.09,1193.0,-0.06,-0.42,13.842,13.612,13.8,34411.05,32067.37,43842.57,0.03
2015-02-25,14.08,14.2,13.99,13.8,36734.43,-0.17,-1.2,13.984,13.659,13.78,34072.81,32313.89,37775.25,0.85
2015-02-26,13.93,14.8,14.73,13.93,87841.68,0.74,5.29,14.182,13.802,13.812,40196.74,37945.46,36820.37,2.03
2015-02-27,14.78,14.95,14.7,14.56,60553.98,-0.03,-0.2,14.336,13.944,13.83,44422.34,40676.86,37434.51,1.4
2015-03-02,14.95,16.0,15.56,14.77,145472.17,0.86,5.85,14.616,14.156,13.899,66359.05,52439.52,42748.08,3.37
2015-03-03,15.48,15.48,14.98,14.97,163612.03,-0.58,-3.73,14.792,14.317,13.936,98842.86,66626.96,49362.82,3.79
2015-03-04,14.88,15.08,14.82,14.61,110974.05,-0.16,-1.07,14.958,14.471,13.99,113690.78,73881.8,52733.88,2.57
2015-03-05,14.76,14.98,14.87,14.68,62915.63,0.05,0.34,14.986,14.584,14.055,108705.57,74451.16,54203.33,1.46
2015-03-06,14.97,15.39,15.24,14.75,124125.18,0.37,2.49,15.094,14.715,14.127,121419.81,82921.08,58534.06,2.87
2015-03-09,14.99,15.24,15.13,14.7,54832.16,-0.11,-0.72,15.008,14.812,14.195,103291.81,84825.43,59832.27,1.27
2015-03-10,15.0,15.38,15.29,15.0,56661.55,0.16,1.06,15.07,14.931,14.272,81901.71,90372.29,61219.83,1.31
2015-03-11,15.7,15.89,15.36,15.25,95039.45,0.07,0.46,15.178,15.068,14.364,78714.79,96202.79,64258.34,2.2
2015-03-12,15.21,15.35,15.18,15.01,50493.04,-0.18,-1.17,15.24,15.113,14.458,76230.28,92467.92,65206.69,1.17
2015-03-13,15.18,15.35,15.21,14.88,58208.89,0.03,0.2,15.234,15.164,14.554,63047.02,92233.42,66455.14,1.35
2015-03-16,15.21,15.53,15.52,15.0,88623.8,0.31,2.04,15.312,15.16,14.658,69805.35,86548.58,69494.05,2.01
2015-03-17,15.6,15.9,15.69,15.38,167954.84,0.17,1.09,15.392,15.231,14.774,92064.0,86982.86,76804.91,3.81
2015-03-18,15.6,15.87,15.87,15.5,117678.14,0.18,1.15,15.494,15.336,14.904,96591.74,87653.27,80767.53,2.67
2015-03-19,15.98,16.38,15.88,15.8,145153.48,0.01,0.06,15.634,15.437,15.011,115523.83,95877.05,85164.11,3.29
2015-03-20,15.72,15.88,15.84,15.54,98539.29,-0.04,-0.25,15.76,15.497,15.106,123589.91,93318.46,88119.77,2.24
2015-03-23,15.96,16.45,16.37,15.83,157568.44,0.53,3.35,15.93,15.621,15.217,137378.84,103592.09,94208.76,3.57
2015-03-24,16.36,16.48,16.1,15.7,214774.94,-0.27,-1.65,16.012,15.702,15.317,146742.86,119403.43,104887.86,4.87
2015-03-25,16.01,16.33,16.12,15.78,180499.81,0.02,0.12,16.062,15.778,15.423,159307.19,127949.47,112076.13,4.1
2015-03-26,15.9,16.6,16.29,15.89,148869.75,0.17,1.05,16.144,15.889,15.501,160050.45,137787.14,115127.53,3.38
2015-03-27,16.35,16.9,16.72,16.28,153432.14,0.43,2.64,16.32,16.04,15.602,171029.02,147309.46,119771.44,3.48
2015-03-30,16.6,16.95,16.55,16.45,122187.44,-0.17,-1.02,16.356,16.143,15.652,163952.82,150665.83,118607.2,2.77
2015-03-31,16.53,16.88,16.27,16.22,120966.79,-0.28,-1.69,16.39,16.201,15.716,145191.19,145967.02,116474.94,2.74
2015-04-01,16.25,16.8,16.77,16.03,202302.95,0.5,3.07,16.52,16.291,15.814,149551.81,154429.5,121041.39,4.59
2015-04-02,16.75,17.03,17.02,16.61,153680.2,0.25,1.49,16.666,16.405,15.921,150513.9,155282.17,125579.61,3.49
2015-04-03,16.95,17.25,17.16,16.8,145564.05,0.14,0.82,16.754,16.537,16.017,148940.29,159984.65,126651.56,3.3
2015-04-07,17.1,17.57,17.47,16.9,120117.25,0.31,1.81,16.938,16.647,16.134,148526.25,156239.53,129915.81,2.73
2015-04-08,17.47,17.5,16.97,16.74,110600.41,-0.5,-2.86,17.078,16.734,16.218,146452.97,145822.08,132612.76,2.51
2015-04-09,17.02,17.17,16.3,16.16,131565.62,-0.67,-3.95,16.984,16.752,16.265,132305.51,140928.66,134439.06,2.98
2015-04-10,16.25,17.24,16.97,16.17,125767.47,0.67,4.11,16.974,16.82,16.355,126722.96,138618.43,138202.78,2.85
2015-04-13,17.18,17.45,17.34,16.96,127066.85,0.37,2.18,17.01,16.882,16.461,123023.52,135981.9,141645.68,2.88
2015-04-14,17.35,17.63,17.4,17.03,142670.27,0.06,0.35,16.996,16.967,16.555,127534.12,138030.19,144348.01,3.24
2015-04-15,17.28,17.72,17.39,17.05,146976.64,-0.01,-0.06,17.08,17.079,16.64,134809.37,140631.17,143299.1,3.33
2015-04-16,17.32,17.32,17.0,16.31,133919.91,-0.39,-2.24,17.22,17.102,16.697,135280.23,133792.87,144111.19,3.04
2015-04-17,17.08,18.22,18.1,17.08,231450.41,1.1,6.47,17.446,17.21,16.808,156416.82,141569.89,148426.03,5.25
2015-04-20,18.3,18.4,17.74,17.15,253227.09,-0.36,-1.99,17.526,17.268,16.903,181648.86,152336.19,156160.42,5.75
2015-04-21,18.3,19.14,18.36,17.65,230950.48,0.62,3.5,17.718,17.357,17.002,199304.91,163419.52,159829.52,5.24
2015-04-22,18.39,20.2,20.2,18.2,311031.88,1.84,10.02,18.28,17.68,17.207,232115.95,183462.66,164642.37,7.06
2015-04-23,21.45,22.22,22.22,20.6,379832.97,2.02,10.0,19.324,18.272,17.512,281298.57,208289.4,174609.03,8.62
2015-04-24,21.98,24.4,24.0,21.08,325158.69,1.78,8.01,20.504,18.975,17.898,300040.22,228228.52,183423.48,7.38
2015-04-27,24.5,26.0,24.45,23.61,267323.81,0.45,1.88,21.846,19.686,18.284,302859.57,242254.22,189118.06,6.06
2015-04-28,24.1,24.1,22.01,22.01,278402.69,-2.44,-9.98,22.576,20.147,18.557,312350.01,255827.46,196928.82,6.32
2015-04-29,21.88,24.21,23.6,21.5,255472.73,1.59,7.22,23.256,20.768,18.924,301238.18,266677.07,203654.12,5.8
2015-04-30,23.48,23.66,22.97,22.4,156641.89,-0.63,-2.67,23.406,21.365,19.234,256599.96,268949.26,201371.07,3.55
2015-05-04,22.72,24.09,23.3,22.18,140275.31,0.33,1.44,23.266,21.885,19.548,219623.29,259831.75,200700.82,3.18
2015-05-05,23.2,23.65,21.96,21.96,98482.88,-1.34,-5.75,22.768,22.307,19.788,185855.1,244357.33,198346.76,2.23
2015-05-06,22.45,22.65,21.25,20.92,84818.83,-0.71,-3.23,22.616,22.596,19.977,147138.33,229744.17,196581.84,1.92
2015-05-07,21.13,21.8,21.31,21.0,73483.82,0.06,0.28,22.158,22.707,20.194,110740.55,205989.36,194726.01,1.67
2015-05-08,21.7,22.78,22.75,21.32,110828.55,1.44,6.76,22.114,22.76,20.516,101577.88,179088.92,193689.16,2.51
2015-05-11,23.13,24.7,24.26,23.13,180911.11,1.51,6.64,22.306,22.786,20.881,109705.04,164664.16,196446.34,4.1
2015-05-12,24.89,24.89,24.59,23.7,128052.16,0.33,1.36,22.832,22.8,21.243,115618.89,150737.0,196495.61,2.91
2015-05-13,24.39,26.88,25.86,23.9,144858.84,1.27,5.17,23.754,23.185,21.666,127626.9,137382.61,196605.03,3.29
2015-05-14,25.88,26.97,25.5,24.85,155714.23,-0.36,-1.39,24.592,23.375,22.072,144072.98,127406.76,197041.91,3.53
2015-05-15,25.2,25.4,24.87,24.3,109402.02,-0.63,-2.47,25.016,23.565,22.465,143787.67,122682.78,195816.02,2.48
2015-05-18,24.35,25.58,25.56,24.35,98975.96,0.69,2.77,25.276,23.791,22.838,127400.64,118552.84,189192.3,2.25
2015-05-19,25.1,26.18,25.75,24.56,144058.3,0.19,0.74,25.508,24.17,23.239,130601.87,123110.38,183733.86,3.27
2015-05-20,27.6,28.33,28.33,27.52,117714.73,2.58,10.02,26.002,24.878,23.737,125173.05,126399.97,178072.07,2.67
2015-05-21,29.5,31.16,30.99,29.11,201985.7,2.66,9.39,27.1,25.846,24.277,134427.34,139250.16,172619.76,4.58
2015-05-22,31.15,31.3,30.05,29.5,134709.09,-0.94,-3.03,28.136,26.576,24.668,139488.76,141638.21,160363.57,3.06
2015-05-25,30.52,30.8,30.08,29.01,100727.25,0.03,0.1,29.04,27.158,24.972,139839.01,133619.83,149142.0,2.29
2015-05-26,30.1,32.58,32.09,30.08,114236.93,2.01,6.68,30.308,27.908,25.354,133874.74,132238.31,141487.65,2.59
2015-05-27,32.16,32.73,32.2,30.71,93134.49,0.11,0.34,31.082,28.542,25.864,128958.69,127065.87,132224.24,2.11
2015-05-28,32.9,34.9,31.39,31.2,171932.67,-0.81,-2.52,31.162,29.131,26.253,122948.09,128687.71,128047.24,3.9
2015-05-29,31.0,33.68,33.5,28.25,138973.23,2.11,6.72,31.852,29.994,26.78,123800.91,131644.84,127163.8,3.15
2015-06-03,36.85,36.85,36.85,35.74,47015.03,3.35,10.0,33.206,31.123,27.457,113058.47,126448.74,122500.79,1.07
2015-06-04,36.8,40.4,40.21,33.5,222853.14,3.36,9.12,34.83,32.569,28.37,134781.71,134328.23,128719.3,5.06
2015-06-05,40.28,42.45,41.99,38.5,181651.7,1.78,4.43,36.788,33.935,29.407,152485.15,140721.92,133560.95,4.12
2015-06-08,40.01,41.49,38.2,38.18,127147.56,-3.79,-9.03,38.15,34.656,30.251,143528.13,133238.11,136244.13,2.88
2015-06-09,37.1,37.69,35.75,35.61,112941.66,-2.45,-6.41,38.6,35.226,30.901,138321.82,131061.37,136349.79,2.56
2015-06-10,35.01,36.48,35.51,33.45,232676.56,-0.24,-0.67,38.332,35.769,31.464,175454.12,144256.3,138938.06,5.28
2015-06-11,35.89,35.89,34.92,34.51,154370.48,-0.59,-1.66,37.274,36.052,31.98,161757.59,148269.65,140253.98,3.5
2015-06-12,35.04,35.2,34.41,33.85,190634.19,-0.51,-1.46,35.758,36.273,32.408,163554.09,158019.62,142542.75,4.33
2015-06-15,34.1,35.06,33.35,33.15,213823.39,-1.06,-3.08,34.788,36.469,32.8,180889.26,162208.69,145448.2,4.85
2015-06-16,33.69,33.95,30.06,30.02,258459.67,-3.29,-9.87,33.65,36.125,33.06,209992.86,174157.34,152901.09,5.86
2015-06-17,30.06,31.2,31.01,28.52,180284.17,0.95,3.16,32.75,35.541,33.332,199514.38,187484.25,156966.5,4.09
2015-06-18,30.4,30.69,28.22,28.1,151411.73,-2.79,-9.0,31.41,34.342,33.456,198922.63,180340.11,157334.17,3.44
2015-06-19,27.02,28.34,26.55,25.84,130641.17,-1.67,-5.92,29.838,32.798,33.367,186924.03,175239.06,157980.49,2.96
2015-06-23,26.51,27.25,27.1,25.4,150047.73,0.55,2.07,28.588,31.688,33.172,174168.89,177529.08,155383.59,3.4
2015-06-24,27.5,29.61,29.3,27.3,223152.41,2.2,8.12,28.436,31.043,33.135,167107.44,188550.15,159805.76,5.06
2015-06-25,29.5,29.78,28.02,27.03,151405.16,-1.28,-4.37,27.838,30.294,33.032,161331.64,180423.01,162339.65,3.44
2015-06-26,27.0,27.46,25.22,25.22,104209.54,-2.8,-9.99,27.238,29.324,32.688,151891.2,175406.92,161838.28,2.36
2015-06-29,25.44,25.93,22.7,22.7,173718.2,-2.52,-9.99,26.468,28.153,32.213,160506.61,173715.32,165867.47,3.94
2015-06-30,22.59,24.96,24.94,20.43,167946.7,2.24,9.87,26.036,27.312,31.891,164086.4,169127.65,165668.17,3.81
2015-07-01,24.93,26.0,22.45,22.45,222270.88,-2.49,-9.98,24.666,26.551,31.338,163910.1,165508.77,169833.05,5.04
2015-07-02,21.95,22.94,20.21,20.21,150671.98,-2.24,-9.98,23.104,25.471,30.506,163763.46,162547.55,175015.9,3.42
2015-07-03,19.04,20.92,18.19,18.19,156012.86,-2.02,-9.99,21.698,24.468,29.405,174124.12,163007.66,171673.89,3.54
2015-07-06,19.8,19.8,16.4,16.37,210440.59,-1.79,-9.84,20.438,23.453,28.126,181468.6,170987.61,173113.33,4.77
2015-07-07,15.0,15.3,14.76,14.76,68394.79,-1.64,-10.0,18.402,22.219,26.954,161558.22,162822.31,170175.69,1.55
2015-07-08,13.28,14.52,13.76,13.28,510952.19,-1.0,-6.78,16.664,20.665,25.854,219294.48,191602.29,190076.22,11.59
2015-07-09,12.8,15.14,15.14,12.8,153702.44,1.38,10.03,15.65,19.377,24.836,219900.57,191832.02,186127.51,3.49
2015-07-10,16.09,16.65,16.65,16.09,76020.66,1.51,9.97,15.342,18.52,23.922,203902.13,189013.13,182210.02,1.72
2015-07-13,18.32,18.32,18.32,17.61,167674.7,1.67,10.03,15.726,18.082,23.118,195348.96,188408.78,181062.05,3.8
2015-07-14,19.0,20.07,19.06,18.4,264615.62,0.74,4.04,16.586,17.494,22.403,234593.12,198075.67,183601.66,6.0
2015-07-15,18.89,18.89,17.15,17.15,137179.05,-1.91,-10.02,17.264,16.964,21.758,159838.49,189566.49,177537.63,3.11
2015-07-16,17.1,18.15,17.03,15.5,188261.91,-0.12,-0.7,17.642,16.646,21.059,166750.39,193325.48,177936.52,4.27
2015-07-17,17.26,18.7,18.42,17.05,141715.47,1.39,8.16,17.996,16.669,20.569,179889.35,191895.74,177451.7,3.22
2015-07-20,18.5,19.74,19.25,18.18,188019.12,0.83,4.51,18.182,16.954,20.204,183958.23,189653.6,180320.6,4.27
2015-07-21,18.78,20.35,19.96,18.21,185673.38,0.71,3.69,18.362,17.474,19.847,168169.79,201381.45,182101.88,4.21
2015-07-22,19.5,20.52,19.8,19.15,168179.06,-0.16,-0.8,18.892,18.078,19.372,174369.79,167104.14,179353.22,3.82
2015-07-23,19.7,21.39,21.15,19.61,192611.48,1.35,6.82,19.716,18.679,19.028,175239.7,170995.05,181413.53,4.37
2015-07-24,21.37,21.95,20.45,20.0,288815.41,-0.7,-3.31,20.122,19.059,18.79,204659.69,192274.52,190643.82,6.55
2015-07-27,20.11,20.32,18.41,18.41,190535.28,-2.04,-9.98,19.954,19.068,18.575,205162.92,194560.58,191484.68,4.32
2015-07-28,17.2,18.2,16.58,16.57,201482.12,-1.83,-9.94,19.278,18.82,18.157,208324.67,188247.23,193161.45,4.57
2015-07-29,17.1,17.85,17.85,15.8,170674.91,1.27,7.66,18.888,18.89,17.927,208823.84,191596.81,190581.65,3.87
2015-07-30,17.68,18.22,16.8,16.76,185918.53,-1.05,-5.88,18.018,18.867,17.757,207485.25,191362.48,192343.98,4.22
2015-07-31,16.46,16.89,16.13,15.86,120996.29,-0.67,-3.99,17.154,18.638,17.654,173921.43,189290.56,190593.15,2.75
2015-08-03,15.87,15.88,14.76,14.52,120225.16,-1.37,-8.49,16.424,18.189,17.572,159859.4,182511.16,186082.38,2.73
2015-08-04,14.86,16.24,16.24,14.86,139903.98,1.48,10.03,16.356,17.817,17.646,147543.77,177934.22,189657.84,3.17
2015-08-05,16.25,16.96,16.29,16.0,146350.31,0.05,0.31,16.044,17.466,17.772,142678.85,175751.35,171427.74,3.32
2015-08-06,15.9,16.75,16.55,15.7,118817.18,0.26,1.6,15.994,17.006,17.843,129258.58,168371.92,169683.48,2.7
2015-08-07,16.8,17.55,17.46,16.67,131570.7,0.91,5.5,16.26,16.707,17.883,131373.47,152647.45,172460.98,2.99
2015-08-10,18.02,19.09,18.85,18.0,155404.41,1.39,7.96,17.078,16.751,17.91,138409.32,149134.36,171847.47,3.53
2015-08-11,18.85,19.8,18.85,18.61,207060.55,0.0,0.0,17.6,16.978,17.899,151840.63,149692.2,168969.72,4.7
2015-08-12,18.56,19.44,18.76,18.45,160462.39,-0.09,-0.48,18.094,17.069,17.98,154663.05,148670.95,170133.88,3.64
2015-08-13,18.77,20.19,20.17,18.77,213648.3,1.41,7.52,18.818,17.406,18.137,173629.27,151443.93,171403.2,4.85
2015-08-14,20.11,20.9,19.81,19.58,210088.02,-0.36,-1.78,19.288,17.774,18.206,189332.73,160353.1,174821.83,4.77
2015-08-17,19.48,19.81,19.74,18.98,149098.86,-0.07,-0.35,19.466,18.272,18.231,188071.62,163240.47,172875.82,3.38
2015-08-18,19.74,19.98,17.77,17.77,168513.73,-1.97,-9.98,19.25,18.425,18.121,180362.26,166101.44,172017.83,3.82
2015-08-19,16.6,18.5,18.06,16.02,152624.52,0.29,1.63,19.11,18.602,18.034,178794.69,166728.87,171240.11,3.46
2015-08-20,17.73,18.58,17.39,17.38,129572.95,-0.67,-3.71,18.554,18.686,17.846,161979.62,167804.44,168088.18,2.94
2015-08-21,17.0,17.48,16.04,15.95,139946.34,-1.35,-7.76,17.8,18.544,17.626,147951.28,168642.01,160644.73,3.18
2015-08-24,15.15,15.5,14.44,14.44,102037.48,-1.6,-9.97,16.74,18.103,17.427,138539.0,163305.31,156219.84,2.31
2015-08-25,13.2,14.5,13.0,13.0,100106.27,-1.44,-9.97,15.786,17.518,17.248,124857.51,152609.89,151151.04,2.27
2015-08-26,13.25,13.91,12.95,12.5,147337.03,-0.05,-0.39,14.764,16.937,17.003,123800.01,151297.35,149984.15,3.34
2015-08-27,13.35,13.89,13.89,12.99,116021.89,0.94,7.26,14.064,16.309,16.858,121089.8,141534.71,146489.32,2.63
2015-08-28,14.21,15.01,15.0,14.2,117903.23,1.11,7.99,13.856,15.828,16.801,116681.18,132316.23,146334.67,2.67
2015-08-31,14.87,14.87,14.12,14.06,92749.01,-0.88,-5.87,13.792,15.266,16.769,114823.49,126681.25,144960.86,2.1
2015-09-01,14.0,14.0,12.98,12.88,86479.67,-1.14,-8.07,13.788,14.787,16.606,112098.17,118477.84,142289.64,1.96
2015-09-02,12.48,13.65,13.6,12.05,118058.37,0.62,4.78,13.918,14.341,16.472,106242.43,115021.22,140875.05,2.68
2015-09-07,13.42,14.4,13.7,13.42,90268.64,0.1,0.73,13.88,13.972,16.329,101091.78,111090.79,139447.62,2.05
2015-09-08,13.59,14.65,14.57,13.45,75959.68,0.87,6.35,13.794,13.825,16.185,92703.07,104692.13,136667.07,1.72
2015-09-09,14.77,15.9,15.86,14.77,134173.06,1.29,8.85,14.142,13.967,16.035,100987.88,107905.68,135605.5,3.04
2015-09-10,15.26,15.7,15.4,15.01,124266.85,-0.46,-2.9,14.626,14.207,15.863,108545.32,110321.74,131465.81,2.82
2015-09-11,15.42,16.94,16.13,15.21,156579.23,0.73,4.74,15.132,14.525,15.731,116249.49,111245.96,131271.66,3.55
2015-09-14,16.35,16.36,14.52,14.52,98138.4,-1.61,-9.98,15.296,14.588,15.449,117823.44,109457.61,125496.16,2.23
2015-09-15,14.02,14.29,13.07,13.07,74413.93,-1.45,-9.99,14.996,14.395,15.112,117514.29,105108.68,118712.46,1.69
2015-09-16,13.11,14.38,14.38,13.11,90847.52,1.31,10.02,14.7,14.421,14.844,108849.19,104918.53,115799.89,2.06
2015-09-17,14.75,15.82,15.8,14.6,197827.06,1.42,9.88,14.78,14.703,14.745,123561.23,116053.27,117265.56,4.49
2015-09-18,15.76,16.15,16.0,15.5,107155.56,0.2,1.27,14.754,14.943,14.642,113676.49,114962.99,114992.11,2.43
2015-09-21,15.6,16.48,16.38,15.55,99320.69,0.38,2.38,15.126,15.211,14.592,113912.95,115868.2,113479.5,2.25
2015-09-22,16.2,16.59,16.3,15.71,117958.94,-0.08,-0.49,15.772,15.384,14.605,122621.95,120068.12,112380.13,2.68
2015-12-28,17.93,17.93,17.93,17.93,45564.06,1.63,10.0,16.482,15.591,14.779,113565.26,111207.22,109556.45,1.03
2015-12-29,19.72,19.72,19.72,19.72,37548.16,1.79,9.98,17.266,16.023,15.115,81509.48,102535.36,106428.55,0.85
2015-12-30,20.45,20.47,19.13,18.74,320917.59,-0.59,-2.99,17.892,16.323,15.424,124261.89,118969.19,115107.58,7.28
2015-12-31,18.74,18.96,18.05,17.88,203881.83,-1.08,-5.65,18.226,16.676,15.632,145174.12,129543.53,119500.57,5.27
2016-01-04,17.9,17.92,16.46,16.4,98330.03,-1.59,-8.81,18.258,17.015,15.705,141248.33,131935.14,118521.91,2.54
2016-01-05,16.2,18.11,18.03,16.0,189740.16,1.57,9.54,18.278,17.38,15.901,170083.55,141824.41,123371.47,4.9
2016-01-06,17.82,19.18,18.89,17.66,205910.52,0.86,4.77,18.112,17.689,16.196,203756.03,142632.75,129343.01,5.32
2016-01-07,18.05,18.4,17.0,17.0,48571.0,-1.89,-10.01,17.686,17.789,16.366,149286.71,136774.3,125868.65,1.25
2016-01-08,17.39,18.7,18.56,16.35,213952.34,1.56,9.18,17.788,18.007,16.609,151300.81,148237.46,132052.83,5.53
2016-01-11,18.23,19.4,18.16,17.7,246843.19,-0.4,-2.15,18.128,18.193,16.789,181003.44,161125.89,140597.01,6.38
2016-01-12,17.7,17.96,16.95,16.36,154893.64,-1.21,-6.66,17.912,18.095,16.843,174034.14,172058.85,141633.04,4.0
2016-01-13,16.66,17.24,15.8,15.26,145744.48,-1.15,-6.79,17.294,17.703,16.863,162000.93,182878.48,142706.92,3.76
2016-01-14,15.0,15.86,15.73,14.33,112175.48,-0.07,-0.44,17.04,17.363,16.843,174721.83,162004.27,140486.73,2.9
2016-01-15,15.57,15.57,14.17,14.16,97589.98,-1.56,-9.92,16.162,16.975,16.826,151449.35,151375.08,140459.31,2.52
2016-01-18,13.71,14.98,14.7,13.5,73737.53,0.53,3.74,15.47,16.799,16.907,116828.22,148915.83,140425.49,1.9
2016-01-19,14.67,15.7,15.5,14.3,91093.74,0.8,5.44,15.18,16.546,16.963,104068.24,139051.19,140437.8,2.35
2016-01-20,15.21,15.57,15.11,14.88,81396.71,-0.39,-2.52,15.042,16.168,16.929,91198.69,126599.81,134616.28,2.1
2016-01-21,14.77,15.36,14.5,14.5,66437.2,-0.61,-4.04,14.796,15.918,16.854,82051.03,128386.43,132580.36,1.72
2016-01-22,14.79,15.11,15.11,14.03,58898.45,0.61,4.21,14.984,15.573,16.79,74312.73,112881.04,130559.25,1.52
2016-01-25,15.4,15.4,15.4,15.0,62179.21,0.29,1.92,15.124,15.297,16.745,72001.06,94414.64,127770.26,1.61
2016-01-26,15.2,15.2,13.86,13.86,69414.07,-1.54,-10.0,14.796,14.988,16.542,67665.13,85866.69,128962.77,1.79
2016-01-27,13.75,13.97,13.5,12.55,84944.0,-0.36,-2.6,14.474,14.758,16.231,68374.59,79786.64,131332.56,2.19
2016-01-28,13.4,14.09,13.24,12.88,79641.53,-0.26,-1.93,14.222,14.509,15.936,71015.45,76533.24,119268.75,2.06
2016-01-29,13.3,14.03,13.81,13.3,48366.98,0.57,4.3,13.962,14.473,15.724,68909.16,71610.94,111493.01,1.25
2016-02-01,13.99,14.4,13.77,13.52,54640.14,-0.04,-0.29,13.636,14.38,15.59,67401.34,69701.2,109308.52,1.41
2016-02-02,13.77,14.36,14.33,13.77,53948.08,0.56,4.07,13.73,14.263,15.405,64308.15,65986.64,102518.91,1.39
2016-02-03,14.17,14.48,14.26,13.85,47335.06,-0.07,-0.49,13.882,14.178,15.173,56786.36,62580.47,94590.14,1.22
2016-02-04,14.82,15.69,15.69,14.82,131110.17,1.43,10.03,14.372,14.297,15.108,67080.09,69047.77,98717.1,3.39
2016-02-05,15.95,15.96,15.56,15.27,120044.2,-0.13,-0.83,14.722,14.342,14.958,81415.53,75162.34,94021.69,3.1
2016-02-15,15.41,16.87,16.51,15.27,107678.36,0.95,6.11,15.27,14.453,14.875,92023.17,79712.26,87063.45,2.78
2016-02-16,16.16,17.09,16.96,16.12,132854.55,0.45,2.73,15.796,14.763,14.876,107804.47,86056.31,85961.5,3.43
2016-02-17,16.68,17.12,16.97,16.56,111806.62,0.01,0.06,16.338,15.11,14.934,120698.78,88742.57,84264.6,2.89
2016-02-18,16.9,18.38,16.93,16.62,157632.61,-0.04,-0.24,16.586,15.479,14.994,126003.27,96541.68,86537.46,4.07
2016-02-19,17.05,17.88,17.46,17.05,110696.39,0.53,3.13,16.966,15.844,15.159,124133.71,102774.62,87192.78,2.86
2016-02-22,17.81,18.25,17.65,17.53,88783.41,0.19,1.09,17.194,16.232,15.306,120354.72,106188.95,87945.07,2.29
2016-02-23,17.86,17.98,17.84,17.41,81089.95,0.19,1.08,17.37,16.583,15.423,110001.8,108903.13,87444.88,2.09
2016-02-24,17.55,17.72,17.46,17.12,80226.1,-0.38,-2.13,17.468,16.903,15.541,103685.69,112192.24,87386.35,2.07
2016-02-25,17.6,17.86,15.97,15.71,108110.44,-1.49,-8.53,17.276,16.931,15.614,93781.26,109892.26,89470.02,2.79
2016-02-26,15.9,16.55,16.41,15.71,79345.7,0.44,2.75,17.066,17.016,15.679,87511.12,105822.41,90492.38,2.05
2016-02-29,16.2,16.39,15.38,14.87,82243.33,-1.03,-6.28,16.612,16.903,15.678,86203.1,103278.91,91495.58,2.12
2016-03-01,15.7,16.48,16.24,15.37,176044.66,0.86,5.59,16.292,16.831,15.797,105194.05,107597.92,96827.11,4.55
2016-03-02,15.74,17.59,17.2,15.51,295439.28,0.96,5.91,16.24,16.854,15.982,148236.68,125961.19,107351.88,7.63
2016-03-03,17.45,18.55,18.16,17.21,358092.12,0.96,5.58,16.678,16.977,16.228,198233.02,146007.14,121274.41,9.25
2016-03-04,18.17,18.89,18.24,17.61,337020.56,0.08,0.44,17.044,17.055,16.45,249767.99,168639.56,135707.09,8.71
2016-03-07,19.11,19.75,19.35,18.2,328330.03,1.11,6.09,17.838,17.225,16.729,298985.33,192594.22,149391.58,8.48
2016-03-08,19.99,20.48,20.3,19.09,411689.97,0.95,4.91,18.65,17.471,17.027,346114.39,225654.22,167278.68,10.63
2016-03-09,18.78,19.28,18.27,18.27,269065.25,-2.03,-10.0,18.864,17.552,17.228,340839.59,244538.13,178365.19,6.95
2016-03-10,18.23,18.94,18.03,17.89,174152.44,-0.24,-1.31,18.838,17.758,17.345,304051.65,251142.33,180517.3,4.5
2016-03-11,18.1,18.59,18.27,18.0,155219.59,0.24,1.33,18.844,17.944,17.48,267691.46,258729.72,182276.07,4.01
2016-03-14,18.29,19.29,19.22,17.97,236675.0,0.95,5.2,18.818,18.328,17.616,249360.45,274172.89,188725.9,6.11
2016-03-15,18.7,19.06,17.8,17.66,198491.23,-1.42,-7.39,18.318,18.484,17.658,206720.7,276417.55,192007.73,5.13
2016-03-16,17.73,17.8,17.24,16.93,141053.52,-0.56,-3.15,18.112,18.488,17.671,181118.36,260978.97,193470.08,3.64
2016-03-17,17.66,18.08,17.87,17.37,137959.27,0.63,3.65,18.08,18.459,17.718,173879.72,238965.69,192486.41,3.56
2016-03-18,18.48,19.66,19.66,18.45,363970.56,1.79,10.02,18.358,18.601,17.828,215629.92,241660.69,205150.12,9.4
2016-03-21,20.98,20.99,20.05,19.27,545553.88,0.39,1.98,18.524,18.671,17.948,277405.69,263383.07,227988.64,14.09
2016-03-22,19.77,20.6,20.14,19.29,387136.78,0.09,0.45,18.992,18.655,18.063,315134.8,260927.75,243290.99,10.0
2016-03-23,19.86,20.32,20.14,19.58,289571.38,0.0,0.0,19.572,18.842,18.197,344838.37,262978.37,253758.25,7.48
2016-03-24,19.48,19.48,18.78,18.7,305385.44,-1.36,-6.75,19.754,18.917,18.338,378323.61,276101.66,263622.0,7.89
2016-03-25,18.61,19.23,19.23,18.3,205101.95,0.45,2.4,19.668,19.013,18.479,346549.89,281089.9,269909.81,5.3
2016-03-28,19.23,19.38,18.46,18.4,187927.33,-0.77,-4.0,19.35,18.937,18.633,275024.58,276215.13,275194.01,4.85
2016-03-29,18.41,19.3,19.12,18.34,232868.12,0.66,3.58,19.146,19.069,18.777,244170.84,279652.82,278035.19,6.02
2016-03-30,19.3,19.65,19.55,19.05,234678.38,0.43,2.25,19.028,19.3,18.894,233192.24,289015.31,274997.14,6.06
2016-03-31,19.53,19.54,19.21,19.07,192976.09,-0.34,-1.74,19.114,19.434,18.947,210710.37,294516.99,266741.34,4.98
2016-04-01,19.17,19.45,19.08,18.71,162923.12,-0.13,-0.68,19.084,19.376,18.989,202274.61,274412.25,258036.47,4.21
2016-04-05,18.95,19.35,19.32,18.3,210730.75,0.24,1.26,19.256,19.303,18.987,206835.29,240929.93,252156.5,5.44
2016-04-06,19.15,19.75,19.08,19.01,183643.73,-0.24,-1.24,19.248,19.197,18.926,196990.41,220580.63,240754.19,4.74
2016-04-07,19.12,19.2,18.3,18.3,180562.19,-0.78,-4.09,18.998,19.013,18.928,186167.18,209679.71,236329.04,4.66
2016-04-08,18.1,18.1,17.7,17.33,150619.7,-0.6,-3.28,18.696,18.905,18.911,177695.9,194203.14,235152.4,3.89
2016-04-11,17.95,18.52,18.37,17.84,145485.19,0.67,3.79,18.554,18.819,18.916,174208.31,188241.46,234665.68,3.76
2016-04-12,18.25,18.71,18.14,17.81,150739.73,-0.23,-1.25,18.318,18.787,18.862,162210.11,184522.7,230368.92,3.89
2016-04-13,19.16,19.95,19.32,18.84,440491.38,1.18,6.5,18.366,18.807,18.938,213579.64,205285.03,242468.92,11.38
2016-04-14,19.44,19.44,19.0,18.84,265807.59,-0.32,-1.66,18.506,18.752,19.026,230628.72,208397.95,248706.63,6.87
2016-04-15,18.98,19.0,18.85,18.69,125141.55,-0.15,-0.79,18.736,18.716,19.075,225533.09,201614.49,248065.74,3.23
2016-04-18,18.61,18.78,18.16,17.88,152163.62,-0.69,-3.66,18.694,18.624,19.0,226868.77,200538.54,237475.39,3.93
2016-04-19,18.37,18.87,18.82,18.02,161367.31,0.66,3.63,18.83,18.574,18.939,228994.29,195602.2,218266.07,4.17
2016-04-20,19.96,20.7,19.58,18.85,572392.69,0.76,4.04,18.882,18.624,18.911,255374.55,234477.1,227528.86,14.79
2016-04-28,18.78,18.85,18.15,17.64,282463.22,-1.43,-7.3,18.712,18.609,18.811,258705.68,244667.2,227173.45,7.3
2016-04-29,18.3,18.7,18.03,18.02,165766.38,-0.12,-0.66,18.548,18.642,18.774,266830.64,246181.87,220192.5,4.28
2016-05-03,18.23,18.58,18.58,17.85,152344.62,0.55,3.05,18.632,18.663,18.741,266866.84,246867.81,217554.63,3.94
2016-05-04,18.18,18.49,18.27,18.14,119942.01,-0.31,-1.67,18.522,18.676,18.732,258581.78,243788.04,214155.37,3.1
2016-05-05,18.2,18.23,18.15,17.91,99483.9,-0.12,-0.66,18.236,18.559,18.683,164000.03,209687.29,207486.16,2.57
2016-05-06,18.01,18.16,16.55,16.48,197438.7,-1.6,-8.81,17.916,18.314,18.533,146995.12,202850.4,205624.17,5.1
2016-05-09,16.08,16.29,14.9,14.9,164555.02,-1.65,-9.97,17.29,17.919,18.318,146752.85,206791.75,204203.12,4.25
2016-05-10,14.8,14.96,14.79,14.52,95595.56,-0.11,-0.74,16.532,17.582,18.103,135403.04,201134.94,200836.74,2.47
2016-05-11,14.99,15.15,14.76,14.76,77679.72,-0.03,-0.2,15.83,17.176,17.875,126950.58,192766.18,194184.19,2.01
2016-05-12,14.7,14.88,14.78,14.01,87546.5,0.02,0.14,15.156,16.696,17.66,124563.1,144281.56,189379.33,2.26
2016-05-13,14.44,14.87,14.67,14.44,59397.74,-0.11,-0.74,14.78,16.348,17.479,96954.91,121975.01,183321.11,1.53
2016-05-16,14.5,15.39,15.25,14.3,97241.5,0.58,3.95,14.85,16.07,17.356,83492.2,115122.53,180652.2,2.51
2016-05-17,15.14,15.77,15.24,15.04,137753.3,-0.01,-0.07,14.94,15.736,17.2,91923.75,113663.39,180265.6,3.56
2016-05-18,15.02,15.15,14.49,14.28,83040.25,-0.75,-4.92,14.886,15.358,17.017,92995.86,109973.22,176880.63,2.14
2016-05-19,14.36,14.9,14.65,14.36,68474.75,0.16,1.1,14.86,15.008,16.784,89181.51,106872.3,158279.8,1.77
2016-05-20,14.35,14.63,14.62,14.23,62995.41,-0.03,-0.2,14.85,14.815,16.565,89901.04,93427.98,148139.19,1.63
2016-05-23,14.7,14.98,14.77,14.63,58188.96,0.15,1.03,14.754,14.802,16.361,82090.53,82791.37,144791.56,1.5
2016-05-24,14.75,14.75,14.39,14.29,61342.73,-0.38,-2.57,14.584,14.762,16.172,66808.42,79366.09,140250.51,1.58
2016-05-25,14.57,14.63,14.17,14.04,57423.92,-0.22,-1.53,14.52,14.703,15.94,61685.15,77340.51,135053.34,1.48
2016-05-26,14.16,14.55,14.54,13.96,74962.29,0.37,2.61,14.498,14.679,15.688,62982.66,76082.08,110181.82,1.94
2016-05-27,14.81,15.37,14.87,14.63,132014.7,0.33,2.27,14.548,14.699,15.524,76786.52,83343.78,102659.4,3.41
2016-05-30,14.56,14.98,14.66,14.55,68884.16,-0.21,-1.41,14.526,14.64,15.355,78925.56,80508.05,97815.29,1.78
2016-05-31,14.63,15.28,15.25,14.63,115976.36,0.59,4.03,14.698,14.641,15.189,89852.29,78330.35,95996.87,3.0
2016-06-01,15.2,15.78,15.4,15.19,127162.8,0.15,0.98,14.944,14.732,15.045,103800.06,82742.61,96357.91,3.28
2016-06-02,15.44,16.09,15.83,15.43,145381.28,0.43,2.79,15.202,14.85,14.929,117883.86,90433.26,98652.78,3.76
2016-06-03,15.62,15.78,15.52,15.4,116141.41,-0.31,-1.96,15.332,14.94,14.878,114709.2,95747.86,94587.92,3.0
2016-06-06,15.98,16.91,16.46,15.96,224526.09,0.94,6.06,15.692,15.109,14.956,145837.59,112381.57,97586.47,5.8
2016-06-07,16.53,17.2,16.71,16.4,168433.09,0.25,1.52,15.984,15.341,15.052,156328.93,123090.61,101228.35,4.35
2016-06-08,16.63,16.63,16.36,16.16,95254.15,-0.35,-2.1,16.176,15.56,15.132,149947.2,126873.63,102107.07,2.46
2016-06-13,16.15,17.18,16.12,16.07,208403.25,-0.24,-1.47,16.234,15.718,15.199,162551.6,140217.73,108149.91,5.38
2016-06-14,16.14,16.89,16.51,16.13,127800.79,0.39,2.42,16.432,15.882,15.291,164883.47,139796.34,111570.06,3.3
2016-06-15,16.06,17.19,17.19,16.06,143185.41,0.68,4.12,16.578,16.135,15.388,148615.34,147226.46,113867.25,3.7
2016-06-16,17.46,18.18,18.12,17.32,183176.91,0.93,5.41,16.86,16.422,15.532,151564.1,153946.52,116138.44,4.73
2016-06-17,17.88,18.45,17.87,17.6,135693.98,-0.25,-1.38,17.162,16.669,15.701,159652.07,154799.64,118771.12,3.51
2016-06-20,17.77,17.77,17.55,17.25,75951.82,-0.32,-1.79,17.448,16.841,15.846,133161.78,147856.69,119144.98,1.96
2016-06-21,17.55,17.75,16.85,16.6,97256.51,-0.7,-3.99,17.516,16.974,15.957,127052.93,145968.2,120858.03,2.51
2016-06-22,16.8,17.0,16.91,16.7,71077.71,0.06,0.36,17.46,17.019,16.064,112631.39,130623.36,121502.47,1.84
2016-06-23,17.01,17.13,16.88,16.6,60008.77,-0.03,-0.18,17.212,17.036,16.189,87997.76,119780.93,121435.77,1.55
2016-06-24,16.95,18.48,17.42,16.59,151164.69,0.54,3.2,17.122,17.142,16.351,91091.9,125371.98,126122.81,3.9
2016-06-27,17.44,18.06,17.9,17.43,119263.7,0.48,2.75,17.192,17.32,16.519,99754.28,116458.03,128337.88,3.08
2016-06-28,17.95,18.18,17.85,17.62,106775.25,-0.05,-0.28,17.392,17.454,16.668,101658.02,114355.48,127075.91,2.76
2016-06-29,18.15,18.4,18.3,17.72,112885.31,0.45,2.52,17.67,17.565,16.85,110019.54,111325.47,129275.96,2.92
2016-06-30,18.54,18.8,18.28,18.22,112810.32,-0.02,-0.11,17.95,17.581,17.002,120579.85,104288.81,129117.66,2.76
2016-07-01,18.5,20.11,20.11,18.3,273645.5,1.83,10.01,18.488,17.805,17.237,145076.02,118083.96,136441.8,6.68
2016-07-04,21.9,22.12,22.12,21.9,154169.12,2.01,9.99,19.332,18.262,17.552,152057.1,125905.69,136881.19,3.77
2016-07-05,23.88,24.33,24.33,23.11,615071.75,2.21,9.99,20.628,19.01,17.992,253716.4,177687.21,161827.71,15.02
2016-07-06,23.8,26.57,25.1,23.5,621393.25,0.77,3.17,21.988,19.829,18.424,355417.99,232718.77,181671.06,15.18
2016-07-07,25.04,26.26,24.5,24.49,438489.62,-0.6,-2.39,23.232,20.591,18.814,420553.85,270566.85,195173.89,10.71
2016-07-08,23.98,25.17,24.51,23.66,364883.5,0.01,0.04,24.112,21.3,19.221,438801.45,291938.73,208655.36,8.91
2016-07-11,25.05,26.58,24.9,24.81,419871.75,0.39,1.59,24.668,22.0,19.66,491941.97,321999.54,219228.78,10.25
2016-07-12,24.3,24.65,24.25,23.33,291029.19,-0.65,-2.61,24.652,22.64,20.047,427133.46,340424.93,227390.2,7.11
2016-07-13,23.8,24.93,24.6,23.76,332004.88,0.35,1.44,24.552,23.27,20.418,369255.79,362336.89,236831.18,8.11
2016-07-14,24.3,24.41,24.0,23.45,246243.66,-0.6,-2.44,24.452,23.842,20.712,330806.6,375680.22,239984.51,6.01
2016-07-15,23.86,24.36,23.88,23.61,177871.98,-0.12,-0.5,24.326,24.219,21.012,293404.29,366102.87,242093.41,4.34
2016-07-18,23.9,24.17,23.0,23.0,185428.36,-0.88,-3.69,23.946,24.307,21.285,246515.61,369228.79,247567.24,4.79
2016-07-19,23.06,23.38,23.22,22.73,144031.38,0.22,0.96,23.74,24.196,21.603,217116.05,322124.76,249905.98,3.72
2016-07-20,23.4,23.4,22.7,22.51,174037.69,-0.52,-2.24,23.36,23.956,21.893,185522.61,277389.2,255053.98,4.5
2016-07-21,22.4,22.8,22.78,22.2,206557.19,0.08,0.35,23.116,23.784,22.188,177585.32,254195.96,262381.4,5.34
2016-07-22,23.0,23.31,21.98,21.95,215634.31,-0.8,-3.51,22.736,23.531,22.416,185137.79,239271.04,265604.89,5.57
2016-07-25,21.63,24.18,21.85,20.52,228834.83,-0.13,-0.59,22.506,23.226,22.613,193819.08,220167.35,271083.44,5.91
2016-07-26,21.68,22.18,21.95,21.47,151415.0,0.1,0.46,22.252,22.996,22.818,195295.8,206205.93,273315.43,3.91
2016-07-27,22.05,22.17,20.65,20.03,210484.16,-1.3,-5.92,21.842,22.601,22.936,202585.1,194053.86,278195.37,5.44
2016-07-28,21.37,21.37,21.05,20.67,179954.23,0.4,1.94,21.496,22.306,23.074,197264.51,187424.91,281552.57,4.65
2016-07-29,20.9,20.98,20.39,20.02,133690.42,-0.66,-3.13,21.178,21.957,23.088,180875.73,183006.76,274554.81,3.45
2016-08-01,20.74,21.25,20.64,20.32,193280.2,0.25,1.23,20.936,21.721,23.014,173764.8,183791.94,276510.37,4.99
2016-08-02,20.44,21.15,21.03,20.19,115392.34,0.39,1.89,20.752,21.502,22.849,166560.27,180928.04,251526.4,2.98
2016-08-03,21.38,22.45,21.99,21.09,302943.31,0.96,4.57,21.02,21.431,22.694,185052.1,193818.6,235603.9,7.83
2016-08-04,21.54,21.78,21.45,21.05,160506.17,-0.54,-2.46,21.1,21.298,22.541,181162.49,189213.5,221704.73,4.15
2016-08-05,21.43,21.43,21.02,20.86,115593.41,-0.43,-2.0,21.226,21.202,22.367,177543.09,179209.41,209240.22,2.99
2016-08-08,20.15,20.34,19.97,19.45,178175.05,-1.05,-5.0,21.092,21.014,22.12,174522.06,174143.43,197155.39,4.6
2016-08-09,19.94,20.32,20.32,19.8,130872.84,0.35,1.75,20.95,20.851,21.924,177618.16,172089.21,189147.57,3.38
2016-08-10,20.33,21.2,21.12,20.3,199754.2,0.8,3.94,20.776,20.898,21.75,156980.33,171016.22,182535.04,5.16
2016-08-11,20.75,20.76,20.2,20.11,109918.36,-0.92,-4.36,20.526,20.813,21.56,146862.77,164012.63,175718.77,2.84
2016-08-12,19.99,20.75,20.59,19.92,88755.78,0.39,1.93,20.44,20.833,21.395,141495.25,159519.17,171262.96,2.29
2016-08-15,20.57,21.2,20.9,20.16,139532.66,0.31,1.51,20.626,20.859,21.29,133766.77,154144.41,168968.18,3.6
2016-08-16,20.91,21.91,21.55,20.89,186478.12,0.65,3.11,20.872,20.911,21.207,144887.82,161252.99,171090.51,4.82
2016-08-17,21.31,21.32,20.93,20.9,122905.23,-0.62,-2.88,20.834,20.805,21.118,129518.03,143249.18,168533.89,3.17
2016-08-18,21.08,21.45,20.87,20.78,98043.18,-0.06,-0.29,20.968,20.747,21.023,127142.99,137002.88,163108.19,2.53
2016-08-19,20.7,20.99,20.95,20.52,76366.18,0.08,0.38,21.04,20.74,20.971,124665.07,133080.16,156144.78,1.97
2016-08-22,20.4,20.64,20.36,20.3,68549.16,-0.59,-2.82,20.932,20.779,20.897,110468.37,122117.57,148130.5,1.77
2016-08-23,20.33,20.94,20.67,20.33,72300.54,0.31,1.52,20.756,20.814,20.833,87632.86,116260.34,144174.78,1.87
2016-08-24,20.69,20.8,20.49,20.42,48844.16,-0.18,-0.87,20.668,20.751,20.825,72820.64,101169.34,136092.78,1.26
2016-08-25,20.22,20.22,19.92,19.6,92349.51,-0.57,-2.78,20.478,20.723,20.768,71681.91,99412.45,131712.54,2.39
2016-08-26,19.9,20.55,20.25,19.88,105140.45,0.33,1.66,20.338,20.689,20.761,77436.76,101050.92,130285.04,2.72
2016-08-29,20.1,20.54,20.3,19.8,84479.0,0.05,0.25,20.326,20.629,20.744,80622.73,95545.55,124844.98,2.18
2016-08-30,20.31,20.32,20.05,19.92,51836.36,-0.25,-1.23,20.202,20.479,20.695,76529.9,82081.38,121667.18,1.34
2016-08-31,20.0,20.15,20.09,19.8,53990.92,0.04,0.2,20.122,20.395,20.6,77559.25,75189.95,109219.56,1.39
2016-09-01,19.85,20.45,20.19,19.85,82791.55,0.1,0.5,20.176,20.327,20.537,75647.66,73664.78,105333.83,2.14
2016-09-02,20.32,21.15,20.86,20.32,203916.56,0.67,3.32,20.298,20.318,20.529,95402.88,86419.82,109749.99,5.27
2016-09-05,21.3,21.96,21.68,21.1,239861.2,0.82,3.93,20.574,20.45,20.615,126479.32,103551.03,112834.3,6.2
2016-09-06,21.65,21.65,21.51,20.89,134832.47,-0.17,-0.78,20.866,20.534,20.674,143078.54,109804.22,113032.28,3.48
2016-09-07,22.07,22.26,21.5,21.5,166770.16,-0.01,-0.05,21.148,20.635,20.693,165634.39,121596.82,111383.08,4.31
2016-09-08,21.27,21.4,21.25,21.06,79516.92,-0.25,-1.16,21.36,20.768,20.746,164979.46,120313.56,109863.01,2.05
2016-09-09,21.18,21.33,20.85,20.85,70826.08,-0.4,-1.88,21.358,20.828,20.759,138361.37,116882.12,108966.52,1.83
2016-09-12,20.05,20.14,20.1,19.5,147237.66,-0.75,-3.6,21.042,20.808,20.719,119836.66,123157.99,109351.77,3.8
2016-09-13,20.19,20.2,19.97,19.68,76429.76,-0.13,-0.65,20.734,20.8,20.64,108156.12,125617.33,103849.35,1.97
2016-09-14,19.8,20.03,19.99,19.3,74175.66,0.02,0.1,20.432,20.79,20.593,89637.22,127635.8,101412.87,1.92
2016-09-19,19.8,20.0,19.95,19.65,78347.19,-0.04,-0.2,20.172,20.766,20.547,89403.27,127191.37,100428.07,2.02
2016-09-20,20.0,20.08,19.95,19.75,40486.11,0.0,0.0,19.992,20.675,20.497,83335.28,110848.32,98634.07,1.05
2016-09-21,19.9,20.06,19.99,19.77,56383.65,0.04,0.2,19.97,20.506,20.478,65164.47,92500.57,98025.8,1.46
2016-09-22,20.4,20.5,19.92,19.89,70211.03,-0.07,-0.35,19.96,20.347,20.441,63920.73,86038.42,97921.32,1.81
2016-09-23,20.04,20.04,19.85,19.45,79057.17,-0.07,-0.35,19.932,20.182,20.409,64897.03,77267.12,99431.97,2.04
2016-09-26,19.63,19.79,18.85,18.7,99674.91,-1.0,-5.04,19.712,19.942,20.355,69162.57,79282.92,99798.24,2.57
2016-09-27,18.72,18.95,18.85,18.53,45993.46,0.0,0.0,19.492,19.742,20.285,70264.04,76799.66,96840.89,1.19
2016-09-28,18.78,18.8,18.19,18.19,71956.78,-0.66,-3.5,19.132,19.551,20.18,73378.67,69271.57,96214.78,1.86
2016-09-29,18.28,18.47,18.22,18.19,41263.19,0.03,0.17,18.792,19.376,20.088,67589.1,65754.92,95686.12,1.07
2016-09-30,18.21,18.45,18.24,18.16,42252.61,0.02,0.11,18.47,19.201,19.996,60228.19,62562.61,95099.21,1.09
2016-10-10,17.87,17.87,17.81,17.22,137095.7,-0.43,-2.36,18.262,18.987,19.877,67712.35,68437.46,97814.41,3.54
2016-10-11,17.81,18.35,18.27,17.74,106301.93,0.46,2.58,18.146,18.819,19.747,79774.04,75019.04,92933.68,2.75
2016-10-12,18.2,18.2,18.03,17.9,58210.51,-0.24,-1.31,18.114,18.623,19.565,77024.79,75201.73,83851.15,1.5
2016-10-13,18.1,18.13,18.02,17.96,46788.93,-0.01,-0.06,18.074,18.433,19.39,78129.94,72859.52,79448.97,1.21
2016-10-14,18.0,18.0,17.88,17.6,56174.7,-0.14,-0.78,18.002,18.236,19.209,80914.35,70571.27,73919.2,1.45
2016-10-17,17.86,18.26,18.16,17.7,89896.64,0.28,1.57,18.072,18.167,19.055,71474.54,69593.44,74438.18,2.32
2016-10-18,18.0,18.28,18.26,17.92,63063.77,0.1,0.55,18.07,18.108,18.925,62826.91,71300.48,74050.07,1.63
2016-10-19,18.34,18.79,18.39,18.31,103921.74,0.13,0.71,18.142,18.128,18.84,71969.16,74496.97,71884.27,2.68
2016-10-20,18.47,18.69,18.46,18.4,65008.35,0.07,0.38,18.23,18.152,18.764,75613.04,76871.49,71313.2,1.68
2016-10-21,18.28,18.65,18.26,18.09,66019.87,-0.2,-1.08,18.306,18.154,18.678,77582.07,79248.21,70905.41,1.71
2016-10-24,18.33,18.75,18.57,18.03,90522.35,0.31,1.7,18.388,18.23,18.609,77707.22,74590.88,71514.17,2.34
2016-10-25,18.57,19.27,19.24,18.57,140179.06,0.67,3.61,18.584,18.327,18.573,93130.27,77978.59,76498.82,3.62
2016-10-26,19.17,19.19,18.9,18.78,99134.1,-0.34,-1.77,18.686,18.414,18.519,92172.75,82070.95,78636.34,2.56
2016-10-27,18.81,18.81,18.68,18.54,52012.94,-0.22,-1.16,18.73,18.48,18.457,89573.66,82593.35,77726.44,1.34
2016-10-28,18.69,18.77,18.4,18.3,59217.98,-0.28,-1.5,18.758,18.532,18.384,88213.29,82897.68,76734.48,1.53
2016-11-02,19.37,19.96,19.76,19.09,217649.52,0.63,3.29,18.996,18.692,18.43,113638.72,95672.97,82633.21,5.62
2016-11-03,19.6,19.65,19.41,19.2,129782.45,-0.35,-1.77,19.03,18.807,18.458,111559.4,102344.84,86822.66,3.35
2016-11-04,19.3,19.49,19.12,19.09,69622.41,-0.29,-1.49,19.074,18.88,18.504,105657.06,98914.9,86705.94,1.8
2016-11-07,19.0,19.89,19.46,18.86,112682.4,0.34,1.78,19.23,18.98,18.566,117790.95,103682.31,90276.9,2.91
2016-11-08,19.48,19.48,19.09,18.99,77040.91,-0.37,-1.9,19.368,19.063,18.609,121355.54,104784.41,92016.31,1.99
2016-11-09,19.14,19.78,19.32,18.88,211566.36,0.23,1.21,19.28,19.138,18.684,120138.91,116888.81,95739.85,5.46
2016-11-10,19.1,20.08,19.48,19.01,217799.05,0.16,0.83,19.294,19.162,18.745,137742.23,124650.81,101314.7,5.63
2016-11-11,19.4,21.28,20.93,19.09,390050.47,1.45,7.44,19.656,19.365,18.89,201827.84,153742.45,117906.7,10.08
2016-11-14,19.84,20.47,20.18,19.75,271105.06,-0.75,-3.58,19.8,19.515,18.998,233512.37,175651.66,129122.51,7.0
2016-11-15,20.58,21.15,20.21,20.16,228850.2,0.03,0.15,20.024,19.696,19.114,263874.23,192614.88,137756.28,5.91
2016-11-16,20.0,20.07,19.8,19.57,142285.77,-0.41,-2.03,20.12,19.7,19.196,250018.11,185078.51,140375.74,3.68
2016-11-17,19.7,19.7,19.52,19.35,102512.64,-0.28,-1.41,20.128,19.711,19.259,226960.83,182351.53,142348.18,2.65
2016-11-18,19.48,19.53,18.99,18.94,128438.09,-0.53,-2.71,19.74,19.698,19.289,174638.35,188233.1,143574.0,3.32
2016-11-21,19.03,19.18,19.17,18.5,126198.54,0.18,0.95,19.538,19.669,19.325,145657.05,189584.71,146633.51,3.26
2016-11-22,19.17,19.66,19.63,19.06,140788.39,0.46,2.4,19.422,19.723,19.393,128044.69,195959.46,150371.93,3.64
2016-11-23,19.6,19.6,19.06,18.92,109503.63,-0.57,-2.9,19.274,19.697,19.418,121488.26,185753.18,151321.0,2.83
2016-11-24,19.25,19.75,19.14,19.06,150384.48,0.08,0.42,19.198,19.663,19.413,131062.63,179011.73,151831.27,3.88
2016-11-25,19.19,19.25,18.62,18.31,124659.8,-0.52,-2.72,19.124,19.432,19.399,130306.97,152472.66,153107.55,3.22
2016-11-28,19.05,19.85,19.52,18.82,214309.19,0.9,4.83,19.194,19.366,19.441,147929.1,146793.07,161222.37,5.54
2016-11-29,19.44,19.44,18.78,18.65,131318.27,-0.74,-3.79,19.024,19.223,19.46,146035.07,137039.88,164827.38,3.39
2016-11-30,18.48,18.58,18.35,18.26,91898.54,-0.43,-2.29,18.882,19.078,19.389,142514.06,132001.16,158539.83,2.37
2016-12-01,18.36,18.58,18.4,18.3,55276.35,0.05,0.27,18.734,18.966,19.339,123492.43,127277.53,154814.53,1.43
2016-12-02,18.42,18.42,17.8,17.74,92317.52,-0.6,-3.26,18.57,18.847,19.273,117023.97,123665.47,155949.28,2.38
2016-12-05,17.37,17.76,17.53,17.32,86356.67,-0.27,-1.52,18.172,18.683,19.176,91433.47,119681.28,154633.0,2.23
2016-12-06,17.69,17.8,17.57,17.5,45752.4,0.04,0.23,17.93,18.477,19.1,74320.3,110177.69,153068.57,1.18
2016-12-07,17.68,18.02,17.87,17.45,56959.68,0.3,1.71,17.834,18.358,19.028,67332.52,104923.29,145338.24,1.47
2016-12-08,17.92,18.27,18.03,17.83,76213.73,0.16,0.9,17.76,18.247,18.955,71520.0,97506.22,138258.97,1.97
2016-12-09,17.84,18.07,17.91,17.79,38407.15,-0.12,-0.67,17.782,18.176,18.804,60737.93,88880.95,120676.81,0.99
2016-12-12,18.0,18.21,16.6,16.58,81697.54,-1.31,-7.31,17.596,17.884,18.625,59806.1,75619.79,111206.43,2.11
2016-12-13,16.65,17.07,16.84,16.51,58234.59,0.24,1.45,17.45,17.69,18.457,62302.54,68311.42,102675.65,1.5
2016-12-14,16.85,17.35,17.16,16.8,54993.7,0.32,1.9,17.308,17.571,18.325,61909.34,64620.93,98311.05,1.42
2016-12-15,17.0,17.42,17.16,16.82,52020.59,0.0,0.0,17.134,17.447,18.207,57070.71,64295.36,95786.44,1.34
2016-12-16,16.9,17.1,16.97,16.86,33058.84,-0.19,-1.11,16.946,17.364,18.106,56001.05,58369.49,91017.48,0.85
2016-12-19,16.97,16.97,16.68,16.6,37410.38,-0.29,-1.71,16.962,17.279,17.981,47143.62,53474.86,86578.07,0.97
2016-12-20,16.61,16.61,16.38,16.24,57387.94,-0.3,-1.8,16.87,17.16,17.819,46974.29,54638.41,82408.05,1.48
2016-12-21,16.47,16.67,16.59,16.41,38957.89,0.21,1.28,16.756,17.032,17.695,43767.13,52838.24,78880.76,1.01
2016-12-22,16.54,16.63,16.33,16.25,44648.93,-0.26,-1.57,16.59,16.862,17.555,42292.8,49681.76,73593.99,1.15
2016-12-23,16.35,16.46,16.19,16.1,38266.4,-0.14,-0.86,16.434,16.69,17.433,43334.31,49667.68,69274.32,0.99
2016-12-26,16.06,16.2,16.09,15.55,54550.35,-0.1,-0.62,16.316,16.639,17.262,46762.3,46952.96,61286.37,1.41
2016-12-27,16.0,16.41,16.29,15.92,42929.58,0.2,1.24,16.298,16.584,17.137,43870.63,45422.46,56866.94,1.11
2016-12-28,16.33,16.5,16.4,16.18,40860.45,0.11,0.68,16.26,16.508,17.04,44251.14,44009.13,54315.03,1.06
2016-12-29,16.41,16.49,16.24,16.23,33231.12,-0.16,-0.98,16.242,16.416,16.932,41967.58,42130.19,53212.77,0.86
2016-12-30,16.35,16.46,16.32,16.18,30388.33,0.08,0.49,16.268,16.351,16.858,40391.97,41863.14,50116.31,0.78
2017-01-03,16.35,16.58,16.5,16.3,35727.83,0.18,1.1,16.35,16.333,16.806,36627.46,41694.88,47584.87,0.87
2017-01-04,16.58,16.61,16.58,16.32,40409.47,0.08,0.48,16.408,16.353,16.757,36123.44,39997.04,47317.72,0.99
2017-01-05,16.69,16.95,16.81,16.55,59810.25,0.23,1.39,16.49,16.375,16.704,39913.4,42082.27,47460.25,1.46
2017-01-06,16.8,16.8,16.4,16.36,40260.35,-0.41,-2.44,16.522,16.382,16.622,41319.25,41643.41,45662.58,0.98
2017-01-09,16.36,16.43,16.43,15.99,52697.93,0.03,0.18,16.544,16.406,16.548,45781.17,43086.57,46377.12,1.29
2017-01-10,16.4,16.86,16.62,16.32,53133.74,0.19,1.16,16.568,16.459,16.549,49262.35,42944.91,44948.93,1.3
2017-01-11,16.67,16.83,16.41,16.36,47036.98,-0.21,-1.26,16.534,16.471,16.528,50587.85,43355.65,44389.05,1.15
2017-01-12,16.25,16.44,16.02,16.02,40484.23,-0.39,-2.38,16.376,16.433,16.471,46722.65,43318.02,43663.58,0.99
2017-01-13,16.02,16.16,15.81,15.77,32178.99,-0.21,-1.31,16.258,16.39,16.403,45106.37,43212.81,42671.5,0.79
2017-01-16,15.67,15.76,14.76,14.23,80422.48,-1.05,-6.64,15.924,16.234,16.293,50651.28,48216.23,45039.68,1.96
2017-01-17,14.5,14.91,14.79,14.37,39756.96,0.03,0.2,15.558,16.063,16.198,47975.93,48619.14,45157.01,0.97
2017-01-18,14.7,14.94,14.73,14.64,25634.06,-0.06,-0.41,15.222,15.878,16.116,43695.34,47141.6,43569.32,0.63
2017-01-19,14.72,14.92,14.74,14.45,28455.44,0.01,0.07,14.966,15.671,16.023,41289.59,44006.12,43044.19,0.69
2017-01-20,14.7,15.11,15.07,14.61,35368.6,0.33,2.24,14.818,15.538,15.96,41927.51,43516.94,42580.18,0.86
2017-01-23,15.1,15.68,15.35,15.05,40737.0,0.28,1.86,14.936,15.43,15.918,33990.41,42320.85,42703.71,0.99
2017-01-24,15.28,15.58,15.31,15.2,25461.96,-0.04,-0.26,15.04,15.299,15.879,31131.41,39553.67,41249.29,0.62
2017-01-25,15.33,15.63,15.5,15.31,27500.31,0.19,1.24,15.194,15.208,15.84,31504.66,37600.0,40477.82,0.67
2017-01-26,15.57,15.99,15.95,15.51,39693.54,0.45,2.9,15.436,15.201,15.817,33752.28,37520.93,40419.48,0.97
2017-02-03,16.1,16.34,15.86,15.85,34868.55,-0.09,-0.56,15.594,15.206,15.798,33652.27,37789.89,40501.35,0.85
2017-02-06,15.81,16.01,15.95,15.77,27007.11,0.09,0.57,15.714,15.325,15.78,30906.29,32448.35,40332.29,0.66
2017-02-07,15.95,16.15,15.99,15.7,33512.73,0.04,0.25,15.85,15.445,15.754,32516.45,31823.93,40221.53,0.82
2017-02-08,15.93,16.04,15.99,15.75,23665.89,0.0,0.0,15.948,15.571,15.725,31749.56,31627.11,39384.35,0.58
2017-02-09,16.0,16.14,16.12,15.97,27197.08,0.13,0.81,15.982,15.709,15.69,29250.27,31501.28,37753.7,0.66
2017-02-10,16.03,16.43,16.13,15.86,44420.53,0.01,0.06,16.036,15.815,15.677,31160.67,32406.47,37961.71,1.08
2017-02-13,16.5,16.68,16.25,16.2,47824.0,0.12,0.74,16.096,15.905,15.668,35324.05,33115.17,37718.01,1.17
2017-02-14,16.15,16.25,16.19,16.04,34286.5,-0.06,-0.37,16.136,15.993,15.646,35478.8,33997.62,36775.65,0.84
2017-02-15,16.2,16.2,15.73,15.71,42941.3,-0.46,-2.84,16.084,16.016,15.612,39333.88,35541.72,36570.86,1.05
2017-02-16,15.72,16.29,16.1,15.72,62966.38,0.37,2.35,16.08,16.031,15.616,46487.74,37869.01,37694.97,1.54
2017-02-17,16.06,16.17,15.95,15.76,42071.55,-0.15,-0.93,16.044,16.04,15.623,46017.95,38589.31,38189.6,1.03
2017-02-20,15.9,15.98,15.86,15.71,42801.92,-0.09,-0.56,15.966,16.031,15.678,45013.53,40168.79,36308.57,1.05
2017-02-21,15.95,16.28,16.12,15.87,70251.43,0.26,1.64,15.952,16.044,15.745,52206.52,43842.66,37833.29,1.72
2017-02-22,16.03,16.27,15.95,15.85,57037.93,-0.17,-1.05,15.996,16.04,15.806,55025.84,47179.86,39403.49,1.39
2017-02-23,15.99,16.52,16.44,15.93,135647.53,0.49,3.07,16.064,16.072,15.891,69562.07,58024.91,44763.09,3.31
2017-02-24,16.36,16.52,16.07,16.01,108472.82,-0.37,-2.25,16.088,16.066,15.941,82842.33,64430.14,48418.3,2.65
2017-02-27,16.2,16.77,16.4,16.14,179835.36,0.33,2.05,16.196,16.081,15.993,110249.01,77631.27,55373.22,4.39
2017-02-28,16.4,17.46,17.25,16.3,233422.36,0.85,5.18,16.422,16.187,16.09,142883.2,97544.86,65771.24,5.7
2017-03-01,17.19,17.67,17.31,16.88,175797.14,0.06,0.35,16.694,16.345,16.181,166635.04,110830.44,73186.08,4.29
2017-03-02,17.34,17.88,17.25,17.12,167697.3,-0.06,-0.35,16.856,16.46,16.246,173045.0,121303.53,79586.27,4.1
2017-03-03,17.02,17.05,16.85,16.76,111498.77,-0.4,-2.32,17.012,16.55,16.295,173650.19,128246.26,83417.78,2.72
2017-03-06,16.76,17.03,16.94,16.76,59224.99,0.09,0.53,17.12,16.658,16.345,149528.11,129888.56,85028.68,1.45
2017-03-07,16.9,17.0,16.86,16.72,61518.27,-0.08,-0.47,17.042,16.732,16.388,115147.29,129015.25,86428.95,1.5
2017-03-08,16.76,16.92,16.87,16.6,55654.38,0.01,0.06,16.954,16.824,16.432,91118.74,128876.89,88028.38,1.36
2017-03-09,16.7,16.7,16.3,16.19,88226.85,-0.57,-3.38,16.764,16.81,16.441,75224.65,124134.82,91079.87,2.15
2017-03-10,16.29,16.44,16.44,16.1,51674.28,0.14,0.86,16.682,16.847,16.457,63259.75,118454.97,91442.55,1.26
2017-03-13,16.39,17.05,16.98,16.3,107883.87,0.54,3.29,16.69,16.905,16.493,72991.53,111259.82,94445.55,2.63
2017-03-14,17.0,17.18,17.15,16.79,90053.77,0.17,1.0,16.748,16.895,16.541,78698.63,96922.96,97233.91,2.2
2017-03-15,17.18,17.85,17.49,17.03,152600.95,0.34,1.98,16.872,16.913,16.629,98087.94,94603.34,102716.89,3.73
2017-03-16,17.9,18.04,17.85,17.52,132933.69,0.36,2.06,17.182,16.973,16.717,107029.31,91126.98,106215.26,3.25
2017-03-17,17.8,18.18,17.14,17.14,113120.02,-0.71,-3.98,17.322,17.002,16.776,119318.46,91289.11,109767.68,2.76
2017-03-20,17.48,17.58,17.44,17.11,62339.05,0.3,1.75,17.414,17.052,16.855,110209.5,91600.51,110744.54,1.52
2017-03-21,17.44,17.54,17.26,17.17,51162.84,-0.18,-1.03,17.436,17.092,16.912,102431.31,90564.97,109790.11,1.25
2017-03-22,17.3,17.6,17.3,17.28,59475.21,0.04,0.23,17.398,17.135,16.98,83806.16,90947.05,109911.97,1.45
2017-03-23,17.3,17.5,17.21,17.04,52837.04,-0.09,-0.52,17.27,17.226,17.018,67786.83,87408.07,105771.45,1.29
2017-03-24,17.18,17.2,16.6,16.33,133860.89,-0.61,-3.54,17.162,17.242,17.045,71935.01,95626.73,107040.85,3.27
2017-03-27,16.61,16.69,16.62,16.39,66073.72,0.02,0.12,16.998,17.206,17.056,72681.94,91445.72,101352.77,1.61
2017-03-28,16.51,16.83,16.66,16.51,44873.38,0.04,0.24,16.878,17.157,17.026,71424.05,86927.68,91925.32,1.1
2017-03-29,16.66,17.37,16.56,16.53,49068.31,-0.1,-0.6,16.73,17.064,16.989,69342.67,76574.41,85588.88,1.2
2017-03-30,16.5,16.56,15.85,15.79,83840.57,-0.71,-4.29,16.458,16.864,16.919,75543.37,71665.1,81396.04,2.05
2017-03-31,15.96,15.96,15.7,15.52,52387.78,-0.15,-0.95,16.278,16.72,16.861,59248.75,65591.88,78440.49,1.28
2017-04-05,15.75,16.15,16.09,15.73,56867.75,0.39,2.48,16.172,16.585,16.819,57407.56,65044.75,78322.63,1.39
2017-04-06,16.23,16.58,16.39,16.15,63409.11,0.3,1.86,16.118,16.498,16.795,61114.7,66269.38,78417.17,1.55
2017-04-07,16.37,17.18,16.62,16.29,126412.66,0.23,1.4,16.13,16.43,16.783,76583.57,72963.12,81955.09,3.09
2017-04-10,16.4,16.46,16.23,16.09,66599.89,-0.39,-2.35,16.206,16.332,16.779,73135.44,74339.41,80873.74,1.63
2017-04-11,16.32,16.67,16.6,16.03,87980.37,0.37,2.28,16.386,16.332,16.787,80253.96,69751.35,82689.04,2.15
2017-04-12,16.67,16.88,16.25,16.16,91160.04,-0.35,-2.11,16.418,16.295,16.751,87112.41,72259.99,81852.85,2.23
2017-04-13,15.85,15.85,15.6,15.46,69262.18,-0.15,-0.95,16.26,16.189,16.673,88283.03,74698.87,80813.27,1.69
2017-04-14,15.6,15.95,15.65,15.37,67242.72,0.05,0.32,16.066,16.098,16.581,76449.04,76516.31,76545.36,1.64
2017-04-17,15.58,16.02,15.3,15.15,62046.44,-0.35,-2.24,15.88,16.043,16.454,75538.35,74336.89,73001.0,1.52
2017-04-18,15.3,15.51,14.84,14.78,66571.48,-0.46,-3.01,15.528,15.957,16.339,71256.57,75755.26,70673.57,1.63
2017-04-19,14.78,14.78,14.31,14.08,86623.64,-0.53,-3.57,15.14,15.779,16.182,70349.29,78730.85,71887.8,2.12
2017-04-20,14.32,14.67,14.44,14.28,62855.3,0.13,0.91,14.908,15.584,16.041,69067.92,78675.47,72472.42,1.54
2017-04-21,14.51,14.68,14.35,14.32,40078.0,-0.09,-0.62,14.648,15.357,15.894,63634.97,70042.01,71502.56,0.98
2017-04-24,14.33,14.33,13.78,13.68,54894.99,-0.57,-3.97,14.344,15.112,15.722,62204.68,68871.52,71605.46,1.34
2017-04-25,13.85,13.92,13.7,13.64,36755.02,-0.08,-0.58,14.116,14.822,15.577,56241.39,63748.98,66750.17,0.9
2017-04-26,13.75,13.75,13.5,13.45,60608.66,-0.2,-1.46,13.954,14.547,15.421,51038.39,60693.84,66476.91,1.48
2017-04-27,13.12,13.2,13.13,12.3,100688.06,-0.37,-2.74,13.692,14.3,15.245,58604.95,63836.43,69267.65,2.46
2017-04-28,13.0,13.28,13.14,12.88,40432.25,0.01,0.08,13.45,14.049,15.074,58675.8,61155.38,68835.85,0.99
2017-05-02,13.18,13.23,13.09,13.0,29501.73,-0.05,-0.38,13.312,13.828,14.936,53597.14,57900.91,66118.9,0.72
2017-05-03,13.03,13.3,13.15,13.02,35909.54,0.06,0.46,13.202,13.659,14.808,53428.05,54834.72,65294.99,0.88
2017-05-04,13.03,13.08,12.9,12.66,45608.84,-0.25,-1.9,13.082,13.518,14.649,50428.08,50733.24,64732.05,1.11
2017-05-05,12.85,13.1,12.8,12.69,48640.71,-0.1,-0.78,13.016,13.354,14.469,40018.61,49311.78,63993.63,1.19
2017-05-08,12.82,13.07,12.76,12.75,48733.2,-0.04,-0.31,12.94,13.195,14.276,41678.8,50177.3,60109.65,1.19
2017-05-09,12.75,13.07,13.01,12.72,31793.44,0.25,1.96,12.924,13.118,14.115,42137.15,47867.15,58369.33,0.78
2017-05-10,13.04,13.2,12.96,12.93,39367.21,-0.05,-0.38,12.886,13.044,13.933,42828.68,48128.36,55938.67,0.96
2017-05-11,12.83,12.89,12.63,12.37,49795.17,-0.33,-2.55,12.832,12.957,13.752,43665.95,47047.02,53870.43,1.22
2017-05-12,12.6,12.82,12.65,12.56,24951.88,0.02,0.16,12.802,12.909,13.605,38928.18,39473.4,51654.91,0.61
2017-05-15,12.73,12.83,12.7,12.6,24227.16,0.05,0.4,12.79,12.865,13.457,34026.97,37852.89,49504.14,0.59
2017-05-16,12.7,13.08,13.07,12.56,44865.53,0.37,2.91,12.802,12.863,13.346,36641.39,39389.27,48645.09,1.1
2017-05-17,13.14,13.24,13.13,13.04,31353.48,0.06,0.46,12.836,12.861,13.26,35038.64,38933.66,46884.19,0.77
2017-05-18,13.17,13.26,13.08,13.01,25172.66,-0.05,-0.38,12.926,12.879,13.199,30114.14,36890.04,43811.64,0.61
2017-05-19,12.94,13.1,13.06,12.92,24070.99,-0.02,-0.15,13.008,12.905,13.13,29937.96,34433.07,41872.43,0.59
2017-05-22,13.17,13.43,13.09,13.0,45357.0,0.03,0.23,13.086,12.938,13.067,34163.93,34095.45,42136.38,1.11
2017-05-23,13.01,13.13,12.14,12.14,56325.01,-0.95,-7.26,12.9,12.851,12.985,36455.83,36548.61,42207.88,1.38
2017-05-24,12.12,12.2,11.92,11.75,53045.92,-0.22,-1.81,12.658,12.747,12.896,40794.32,37916.48,43022.42,1.3
2017-05-25,11.94,12.11,12.02,11.79,49400.8,0.1,0.84,12.446,12.686,12.822,45639.94,37877.04,42462.03,1.21
2017-05-26,12.0,12.32,12.23,11.99,41154.47,0.21,1.75,12.28,12.644,12.777,49056.64,39497.3,39485.35,1.01
2017-05-31,12.27,12.41,12.16,12.16,23269.79,-0.07,-0.57,12.094,12.59,12.728,44639.2,39401.56,38627.23,0.57
2017-06-01,12.16,12.18,11.75,11.73,27166.97,-0.41,-3.37,12.016,12.458,12.661,38807.59,37631.71,38510.49,0.66
2017-06-02,11.73,12.05,12.0,11.63,25810.19,0.25,2.13,12.032,12.345,12.603,33360.44,37077.38,38005.52,0.63
2017-06-05,12.13,12.28,12.23,12.04,23593.59,0.23,1.92,12.074,12.26,12.57,28199.0,36919.47,36904.76,0.58
2017-06-06,12.22,12.33,12.26,12.12,17923.03,0.03,0.24,12.08,12.18,12.543,23552.71,36304.68,35368.87,0.44
2017-06-07,12.38,12.6,12.55,12.36,31490.8,0.29,2.37,12.158,12.126,12.532,25196.92,34918.06,34506.75,0.77
2017-06-08,12.51,12.76,12.61,12.44,31942.36,0.06,0.48,12.33,12.173,12.512,26151.99,32479.79,34514.2,0.78
2017-06-09,12.5,12.65,12.54,12.47,17923.52,-0.07,-0.56,12.438,12.235,12.491,24574.66,28967.55,33442.02,0.44
2017-06-12,12.45,12.57,12.48,12.2,29251.39,-0.06,-0.48,12.488,12.281,12.484,25706.22,26952.61,32414.83,0.71
2017-06-13,12.39,12.95,12.8,12.33,38813.41,0.32,2.56,12.596,12.338,12.491,29884.3,26718.5,33107.9,0.95
2017-06-14,12.79,13.06,13.03,12.7,39793.69,0.23,1.8,12.692,12.425,12.508,31544.87,28370.89,33886.23,0.97
2017-06-15,13.0,13.13,13.04,12.91,23780.46,0.01,0.08,12.778,12.554,12.506,29912.49,28032.24,32831.98,0.58
2017-06-16,13.0,13.12,12.96,12.92,25595.59,-0.08,-0.61,12.862,12.65,12.498,31446.91,28010.78,32544.08,0.63
2017-06-19,12.9,13.09,12.98,12.81,21861.57,0.02,0.15,12.962,12.725,12.493,29968.94,27837.58,32378.53,0.53
2017-06-20,12.99,13.08,12.9,12.88,19822.38,-0.08,-0.62,12.982,12.789,12.485,26170.74,28027.52,32166.1,0.48
2017-06-21,12.9,12.99,12.84,12.81,13834.56,-0.06,-0.47,12.944,12.818,12.472,20978.91,26261.89,30589.98,0.34
2017-06-22,12.91,13.05,12.8,12.75,27883.0,-0.04,-0.31,12.896,12.837,12.505,21799.42,25855.96,29167.87,0.68
2017-06-23,12.73,12.88,12.84,12.56,26969.97,0.04,0.31,12.872,12.867,12.551,22074.3,26760.6,27864.08,0.66
2017-06-26,12.83,13.2,13.1,12.83,31114.07,0.26,2.02,12.896,12.929,12.605,23924.8,26946.87,26949.74,0.76
2017-06-27,13.12,13.37,13.35,13.01,42106.92,0.25,1.91,12.986,12.984,12.661,28381.7,27276.22,26997.36,1.03
2017-06-28,13.34,13.49,13.35,13.25,51673.54,0.0,0.0,13.088,13.016,12.721,35949.5,28464.21,28417.55,1.26
2017-06-29,13.35,13.7,13.65,13.35,64138.49,0.3,2.25,13.258,13.077,12.816,43200.6,32500.01,30266.13,1.57
2017-06-30,13.51,13.65,13.58,13.42,29481.6,-0.07,-0.51,13.406,13.139,12.895,43702.92,32888.61,30449.7,0.72
